5837923.87048 447929.351905 278.44 30 U
5837931.54124 447929.839529 282.28 30 U
5837934.47153 447936.698263 283.25 30 U
5837924.27638 447933.006545 282.77 30 U
5837909.81173 447933.257451 284.21 30 U
5837896.65223 447936.293857 285.17 30 U
5837890.67159 447944.206539 285.65 30 U
5837895.5687 447954.398673 288.05 30 U
5837901.92631 447963.254427 289.01 30 U
5837911.92575 447974.853004 290.46 30 U
5837922.03355 447986.723084 292.38 30 U
5837932.94673 447996.100591 294.3 30 U
5837946.869 448004.969408 295.26 30 U
5837959.48318 448011.323097 297.18 30 U
5837971.33607 448016.046287 297.67 30 U
5837986.96078 448021.756084 298.63 30 U
5838001.37493 448026.236177 300.55 30 U
5838012.79371 448029.940706 301.99 30 U
5838025.87162 448034.541683 302.47 30 U
5838040.27929 448039.630004 304.88 30 U
5838055.01489 448045.262566 305.36 30 U
5838066.08628 448050.247632 306.8 30 U
5838077.48346 448055.979707 310.16 30 U
5838091.01714 448059.571484 312.09 30 U
5838104.54506 448063.703944 313.05 30 U
5838118.07875 448067.295682 314.01 30 U
5838133.27517 448071.445897 314.97 30 U
5838144.26059 448074.064085 315.45 30 U
5838163.42155 448071.564659 316.41 30 U
5838168.98301 448061.214399 316.41 30 U
5838169.12003 448048.372872 317.37 30 U
5838166.83448 448033.207267 318.81 30 U
5838164.44712 448017.161827 319.3 30 U
5838162.05476 448001.58948 320.26 30 U
5838160.54798 447986.432147 321.22 30 U
5838159.82927 447970.404492 322.66 30 U
5838161.68633 447952.782091 324.58 30 U
5838163.2242 447933.804393 326.99 30 U
5838164.6538 447914.555167 328.91 30 U
5838166.51106 447896.932801 329.39 30 U
5838169.25607 447879.522736 330.35 30 U
5838175.02182 447860.522766 331.31 30 U
5838178.46306 447850.825994 331.79 30 U
5838184.67602 447831.6281 333.23 30 U
5838189.10281 447813.019457 334.2 30 U
5838193.9688 447794.956311 335.16 30 U
5838198.38993 447776.888427 336.12 30 U
5838203.69737 447759.168056 336.12 30 U
5838206.77367 447742.032121 335.64 30 U
5838206.17426 447725.329898 335.64 30 U
5838200.01034 447708.838279 335.64 30 U
5838190.40333 447691.836462 335.64 30 U
5838182.13699 447674.308228 334.2 30 U
5838175.89035 447655.179375 333.71 30 U
5838173.44245 447644.87865 333.23 30 U
5838171.11162 447634.038415 332.27 30 U
5838169.11888 447622.796237 331.31 30 U
5838167.02002 447611.079743 329.87 30 U
5838164.70309 447598.955322 328.91 30 U
5838162.61084 447586.630522 327.47 30 U
5838160.62549 447574.712432 326.99 30 U
5838158.63143 447563.605378 325.54 30 U
5838156.62356 447553.782471 324.58 30 U
5838152.54816 447539.678787 322.18 30 U
5838143.22278 447537.888421 321.7 30 U
5838143.08878 447550.3245 320.26 30 U
5838145.95521 447563.063277 320.74 30 U
5838146.64929 447581.253855 319.78 30 U
5838145.65028 447591.382376 319.3 30 U
5838142.97842 447601.898468 317.85 30 U
5838139.41527 447612.540171 317.37 30 U
5838135.52063 447622.975536 316.41 30 U
5838130.73614 447633.401346 315.93 30 U
5838126.3966 447643.831961 315.45 30 U
5838122.05564 447654.39777 314.49 30 U
5838118.93826 447664.97675 312.57 30 U
5838116.71078 447675.565308 311.12 30 U
5838115.37463 447686.028261 309.68 30 U
5838110.943 447705.042607 308.24 30 U
5838100.57308 447717.639224 306.32 30 U
5838088.13329 447726.157915 305.36 30 U
5838074.88877 447737.101472 303.43 30 U
5838062.82794 447751.775587 302.47 30 U
5838057.72671 447760.64356 301.51 30 U
5838052.95267 447770.123428 301.03 30 U
5838048.50583 447780.215193 300.55 30 U
5838045.06155 447790.182533 299.11 30 U
5838035.97665 447807.457442 296.7 30 U
5838024.81822 447820.992372 295.26 30 U
5838009.476 447820.084379 289.97 30 U
5838003.88796 447832.867931 338.04 30 U
5838007.76549 447823.986673 336.12 30 U
5838012.10246 447813.758414 336.12 30 U
5838016.9554 447796.91121 334.68 30 U
5838016.69457 447779.738802 333.23 30 U
5838015.13337 447769.717713 332.27 30 U
5838012.68886 447759.078766 331.79 30 U
5838010.24654 447748.23704 331.31 30 U
5838008.24846 447737.467669 329.87 30 U
5838007.58592 447726.64503 328.91 30 U
5838007.26001 447715.555614 328.43 30 U
5838007.82109 447704.746111 327.95 30 U
5838009.15792 447694.215333 326.99 30 U
5838010.93462 447684.162465 326.5 30 U
5838013.15337 447674.384743 325.54 30 U
5838017.24269 447656.17752 323.62 30 U
5838018.65958 447638.211971 322.18 30 U
5838020.50911 447621.400234 321.7 30 U
5838025.80765 447604.558027 320.74 30 U
5838036.16768 447592.907693 319.3 30 U
5838044.72254 447583.603853 318.81 30 U
5838046.49583 447573.88904 317.85 30 U
5838040.26472 447563.682445 318.33 30 U
5838025.90196 447554.469777 317.85 30 U
5838010.33239 447543.689322 316.41 30 U
5837996.91416 447529.416923 316.41 30 U
5837991.10549 447521.310238 315.45 30 U
5837985.64947 447511.449802 315.93 30 U
5837979.8678 447500.842259 314.97 30 U
5837973.97855 447489.895543 314.49 30 U
5837968.6455 447478.954799 313.05 30 U
5837963.64618 447468.017632 313.05 30 U
5837958.64322 447457.418392 312.09 30 U
5837953.64103 447446.751539 311.6 30 U
5837949.08087 447436.359828 311.12 30 U
5837940.82712 447417.748845 311.12 30 U
5837937.21091 447402.365012 311.6 30 U
5837936.45396 447390.05397 310.64 30 U
5837937.93046 447376.955884 310.64 30 U
5837939.30745 447362.775159 310.64 30 U
5837939.50697 447344.323025 309.2 30 U
5837938.80719 447326.739938 308.72 30 U
5837940.29996 447312.154889 307.76 30 U
5837948.87072 447301.431954 307.28 30 U
5837963.84913 447294.834293 305.36 30 U
5837980.34529 447291.903376 303.91 30 U
5837998.62485 447288.653802 302.47 30 U
5838015.70134 447283.498509 301.51 30 U
5838032.33876 447277.797724 301.51 30 U
5838048.96081 447273.516343 300.07 30 U
5838061.68238 447269.868712 299.11 30 U
5838067.66852 447261.551593 298.63 30 U
5838061.44538 447250.668745 299.11 30 U
5838048.41434 447241.807591 299.59 30 U
5838030.73789 447230.462554 299.11 30 U
5838021.45658 447224.616209 299.11 30 U
5838011.28687 447218.625017 299.11 30 U
5838000.34293 447212.219822 299.11 30 U
5837988.9548 447205.742185 298.63 30 U
5837977.56009 447199.872825 299.11 30 U
5837965.37355 447195.211612 298.63 30 U
5837953.51559 447191.027125 299.11 30 U
5837942.09376 447187.658529 299.11 30 U
5837930.66461 447184.96582 298.63 30 U
5837919.67306 447182.953832 298.63 30 U
5837909.00641 447181.756543 298.63 30 U
5837898.44439 447181.168774 298.63 30 U
5837888.20581 447181.530896 298.63 30 U
5837877.61446 447183.64677 298.63 30 U
5837859.31431 447188.788603 297.18 30 U
5837846.19833 447187.767547 297.67 30 U
5837833.9013 447183.037388 298.15 30 U
5837821.32265 447173.504562 298.15 30 U
5837808.67093 447160.455693 298.15 30 U
5837795.71635 447144.56426 299.11 30 U
5837789.02065 447136.244339 299.11 30 U
5837782.32497 447127.924394 298.63 30 U
5837774.74017 447119.52717 298.63 30 U
5837766.82242 447111.058703 298.63 30 U
5837758.79198 447102.724185 298.63 30 U
5837749.53285 447094.849496 298.63 30 U
5837739.8266 447087.172721 298.63 30 U
5837730.23306 447079.361938 298.63 30 U
5837720.52977 447071.414729 298.63 30 U
5837710.38083 447063.530245 298.63 30 U
5837700.78659 447055.786963 298.63 30 U
5837690.63473 447048.17279 298.63 30 U
5837680.59412 447040.559796 298.63 30 U
5837671.33141 447033.022834 298.63 30 U
5837662.51659 447025.220308 299.11 30 U
5837654.02887 447018.029733 299.11 30 U
5837645.6465 447011.381099 298.63 30 U
5837637.59342 447005.14164 298.63 30 U
5837624.58122 446994.589216 298.63 30 U
5837617.47396 446983.222191 299.59 30 U
5837616.40056 446969.41954 301.03 30 U
5837622.1367 446953.460172 301.99 30 U
5837630.33403 446936.243212 301.99 30 U
5837638.19919 446918.887483 303.43 30 U
5837645.91706 446904.842718 303.91 30 U
5837649.93332 446893.596923 303.91 30 U
5837648.73566 446881.009823 303.91 30 U
5837642.5473 446867.016211 304.88 30 U
5837635.93175 446851.395439 305.84 30 U
5837632.67095 446834.188789 306.8 30 U
5837634.2021 446816.223222 307.28 30 U
5837639.82973 446800.060086 307.28 30 U
5837651.13917 446783.147854 307.28 30 U
5837658.01304 446775.110707 307.76 30 U
5837670.85027 446760.919384 306.8 30 U
5837684.55301 446748.968465 307.76 30 U
5837701.23911 446738.875492 307.76 30 U
5837719.55232 446732.586071 307.76 30 U
5837729.80425 446731.008192 308.24 30 U
5837740.37952 446730.380273 308.72 30 U
5837751.39677 446730.027597 308.24 30 U
5837762.41772 446729.33696 308.24 30 U
5837773.44311 446728.240771 308.72 30 U
5837784.13775 446726.870567 309.2 30 U
5837794.72634 446725.026006 308.72 30 U
5837805.76282 446722.915954 308.72 30 U
5837816.46561 446720.802261 308.72 30 U
5837826.61518 446718.412124 309.2 30 U
5837836.87526 446716.090807 308.72 30 U
5837846.68596 446714.17018 309.2 30 U
5837866.17912 446711.882334 309.68 30 U
5837885.32675 446710.672312 310.64 30 U
5837904.04276 446708.240799 312.09 30 U
5837919.76954 446704.492212 311.6 30 U
5837929.15381 446700.877014 312.09 30 U
5837934.18076 446698.971688 313.05 30 U
5837944.44306 446696.447699 313.53 30 U
5837957.58707 446694.901645 314.97 30 U
5837973.72401 446694.334739 316.41 30 U
5837991.947 446696.291792 317.37 30 U
5838011.95342 446697.93037 319.3 30 U
5838022.07341 446698.243954 320.26 30 U
5838032.63908 446698.494819 321.7 30 U
5838043.75869 446698.954539 322.18 30 U
5838054.31918 446699.678524 322.66 30 U
5838064.53931 446701.00715 323.62 30 U
5838083.07159 446705.198217 325.06 30 U
5838101.69735 446711.012586 326.5 30 U
5838111.89085 446714.774342 327.95 30 U
5838122.41731 446718.607323 328.43 30 U
5838133.39019 446722.309982 329.39 30 U
5838144.47505 446725.946254 329.87 30 U
5838155.89582 446729.3834 330.83 30 U
5838167.32547 446732.009485 332.27 30 U
5838178.7566 446734.500384 332.75 30 U
5838189.74207 446737.053992 333.71 30 U
5838200.28629 446739.264788 333.71 30 U
5838210.05263 446741.399471 334.68 30 U
5838221.4956 446742.808947 335.16 30 U
5838233.39828 446742.871561 335.16 30 U
5838241.85422 446742.761281 335.64 30 U
5838237.20757 446740.412245 336.12 30 U
5838246.62584 446733.688275 335.64 30 U
5838252.17462 446724.758979 335.16 30 U
5838251.95927 446713.941575 334.68 30 U
5838246.07475 446702.724135 335.64 30 U
5838233.9797 446689.748804 336.12 30 U
5838218.78423 446675.455154 336.12 30 U
5838204.58767 446661.375144 336.6 30 U
5838197.01034 446652.369609 337.08 30 U
5838189.88684 446642.55788 336.6 30 U
5838182.31917 446632.673658 337.08 30 U
5838174.41264 446623.258856 336.6 30 U
5838166.38896 446614.383501 336.6 30 U
5838158.02937 446605.707219 337.08 30 U
5838149.66906 446597.098494 337.08 30 U
5838141.30653 446588.692503 336.6 30 U
5838133.71895 446580.632964 336.6 30 U
5838126.12693 446572.978927 337.08 30 U
5838117.75332 446565.586671 337.56 30 U
5838108.93182 446558.459858 337.56 30 U
5838099.66392 446551.463311 337.56 30 U
5838090.39677 446544.39915 338.04 30 U
5838081.12666 446537.605315 338.04 30 U
5838071.85285 446531.149397 337.08 30 U
5838061.79151 446525.495966 337.56 30 U
5838052.05793 446520.386888 337.56 30 U
5838042.31471 446516.156445 338.04 30 U
5838023.69437 446509.868139 339.0 30 U
5838013.59741 446507.458896 339.0 30 U
5838002.94057 446505.381479 339.0 30 U
5837991.50064 446503.701037 339.0 30 U
5837979.71885 446502.760408 338.04 30 U
5837968.26407 446502.431751 339.0 30 U
5837956.3651 446502.030614 338.52 30 U
5837944.91106 446501.634365 338.52 30 U
5837933.00912 446501.503588 338.04 30 U
5837920.6615 446501.435512 338.52 30 U
5837908.43181 446500.760343 337.56 30 U
5837896.98594 446499.62059 337.08 30 U
5837885.53562 446498.886379 337.08 30 U
5837874.4138 446498.628971 336.6 30 U
5837863.40395 446498.305193 336.6 30 U
5837852.84349 446497.580755 335.64 30 U
5837834.19719 446493.657865 335.64 30 U
5837818.14936 446486.113096 336.12 30 U
5837802.99959 446477.834546 335.64 30 U
5837786.9072 446474.345225 335.64 30 U
5837769.91381 446471.859989 336.12 30 U
5837752.63279 446465.180309 336.12 30 U
5837735.28812 446454.173399 336.6 30 U
5837726.45936 446447.721774 336.12 30 U
5837718.07478 446441.342613 336.6 30 U
5837709.69245 446434.76065 336.6 30 U
5837701.20039 446428.042254 336.6 30 U
5837693.26747 446421.05958 336.6 30 U
5837685.33902 446413.671319 336.6 30 U
5837677.74577 446406.15152 336.6 30 U
5837670.15254 446398.631698 337.08 30 U
5837662.99904 446391.58991 337.08 30 U
5837647.89557 446379.119962 337.56 30 U
5837639.94858 446373.421428 337.56 30 U
5837630.66158 446368.181336 337.08 30 U
5837620.92668 446363.206702 335.64 30 U
5837611.63225 446358.642519 335.64 30 U
5837602.33336 446354.483889 335.16 30 U
5837585.39589 446346.928516 334.2 30 U
5837569.76193 446342.226809 332.27 30 U
5837554.95901 446342.874938 331.79 30 U
5837539.97558 446349.808262 329.87 30 U
5837524.1763 446360.112856 328.91 30 U
5837507.14902 446370.809621 326.99 30 U
5837497.73919 446376.722802 325.54 30 U
5837487.43728 446382.828998 324.1 30 U
5837476.80093 446388.999144 323.62 30 U
5837466.50276 446394.767409 322.18 30 U
5837456.31879 446400.266535 320.74 30 U
5837445.58091 446405.556773 319.78 30 U
5837435.74033 446410.180853 319.3 30 U
5837426.46038 446414.405489 317.37 30 U
5837416.63023 446418.08324 316.89 30 U
5837398.32182 446423.898725 315.45 30 U
5837379.59824 446427.005437 314.49 30 U
5837360.44609 446428.620116 312.57 30 U
5837341.4431 446426.788505 311.6 30 U
5837324.02712 446422.270059 310.16 30 U
5837308.4355 446413.71522 310.64 30 U
5837291.21855 446401.221205 309.2 30 U
5837281.50148 446394.623924 308.72 30 U
5837272.23307 446387.693517 308.24 30 U
5837262.9669 446380.560284 307.76 30 U
5837254.58391 446374.045223 307.76 30 U
5837245.3267 446366.10074 307.76 30 U
5837234.43004 446355.501444 308.24 30 U
5837225.63641 446345.87179 308.72 30 U
5837214.70604 446328.240741 310.16 30 U
5837212.36676 446308.338023 311.12 30 U
5837213.02414 446289.076811 313.05 30 U
5837216.23995 446269.843829 314.97 30 U
5837222.34193 446251.183592 316.41 30 U
5837232.76639 446233.9909 317.85 30 U
5837238.42059 446225.669894 318.81 30 U
5837243.96805 446216.942079 319.78 30 U
5837248.74062 446207.867684 320.74 30 U
5837255.72374 446190.028678 322.66 30 U
5837258.03439 446172.205683 324.1 30 U
5837257.45081 446154.553527 326.02 30 U
5837255.53324 446136.819003 327.47 30 U
5837254.35623 446122.540671 327.47 30 U
5837259.57317 446113.538908 328.91 30 U
5837267.99396 446116.606835 328.91 30 U
5837270.8559 446129.416393 329.87 30 U
5837271.17671 446140.642852 330.35 30 U
5837273.59154 446153.650266 331.79 30 U
5837278.86633 446169.596415 332.75 30 U
5837286.3367 446188.203489 334.2 30 U
5837290.90093 446197.989417 335.64 30 U
5837295.46443 446207.842925 336.12 30 U
5837300.80808 446217.569815 337.08 30 U
5837306.71164 446226.96483 338.04 30 U
5837312.95713 446235.619916 339.0 30 U
5837319.65951 446243.198308 339.96 30 U
5837334.42967 446255.598213 341.41 30 U
5837350.34502 446265.035983 343.33 30 U
5837369.86534 446270.389469 345.25 30 U
5837390.65024 446272.038526 347.17 30 U
5837401.66379 446272.024827 348.13 30 U
5837413.57393 446271.412569 349.1 30 U
5837424.60314 446269.979326 350.06 30 U
5837436.08475 446267.875027 350.54 30 U
5837447.12815 446265.157455 351.5 30 U
5837457.40335 446261.484944 351.98 30 U
5837466.36093 446256.24299 352.46 30 U
5837480.08431 446242.535436 353.42 30 U
5837490.06462 446225.271177 354.38 30 U
5837499.16185 446207.38879 354.86 30 U
5837504.71309 446198.32349 355.83 30 U
5837510.81826 446189.467144 356.31 30 U
5837517.25565 446180.749702 357.27 30 U
5837523.69456 446171.89709 358.23 30 U
5837530.57841 446163.049421 359.19 30 U
5837537.0166 446154.264452 359.67 30 U
5837543.55931 446146.0891 360.63 30 U
5837556.3894 446132.710209 362.07 30 U
5837570.04433 446125.22204 364.0 30 U
5837584.96451 446124.035045 365.44 30 U
5837600.16005 446128.124164 366.4 30 U
5837613.6385 446136.588467 367.84 30 U
5837627.08855 446147.621322 369.28 30 U
5837641.41355 446160.015845 370.24 30 U
5837649.01912 446166.386985 370.73 30 U
5837657.40558 446172.563929 371.21 30 U
5837666.68414 446178.547906 372.17 30 U
5837676.40989 446184.333996 372.65 30 U
5837685.58172 446189.911136 374.09 30 U
5837695.75316 446195.634505 375.05 30 U
5837705.48267 446201.082559 376.01 30 U
5837715.54662 446206.466686 376.49 30 U
5837725.72256 446211.784426 377.45 30 U
5837735.45432 446217.029637 378.42 30 U
5837745.07486 446222.273599 379.38 30 U
5837754.3602 446227.649041 379.86 30 U
5837763.6463 446232.95687 381.78 30 U
5837773.37361 446238.607556 382.26 30 U
5837782.20732 446244.586357 382.74 30 U
5837791.03732 446250.903099 384.18 30 U
5837799.08794 446257.278817 385.15 30 U
5837806.58017 446263.851152 385.15 30 U
5837814.17544 446271.168207 385.63 30 U
5837821.76027 446279.431528 385.63 30 U
5837828.7815 446288.364606 385.63 30 U
5837835.46532 446297.631936 385.15 30 U
5837841.81621 446306.827969 384.66 30 U
5837847.62063 446315.139156 384.18 30 U
5837857.70802 446328.499914 383.7 30 U
5837869.82073 446339.787352 384.66 30 U
5837887.18302 446349.172199 384.66 30 U
5837897.26203 446353.204009 384.66 30 U
5837908.23985 446356.434517 384.18 30 U
5837919.66632 446359.33196 384.18 30 U
5837931.54443 446361.625978 384.18 30 U
5837942.98804 446362.968821 384.18 30 U
5837953.99564 446363.495675 383.7 30 U
5837964.67848 446363.207771 383.7 30 U
5837975.25382 446362.580695 383.22 30 U
5837985.49396 446362.085126 382.74 30 U
5838007.07318 446362.322858 382.26 30 U
5838017.73666 446363.792284 382.26 30 U
5838027.83356 446366.201824 381.78 30 U
5838038.48066 446369.158194 381.78 30 U
5838049.45179 446372.99688 381.78 30 U
5838060.41399 446377.646614 381.3 30 U
5838071.36875 446382.972212 380.82 30 U
5838081.87635 446388.495653 380.34 30 U
5838092.94012 446394.025194 380.34 30 U
5838103.8882 446399.959014 379.86 30 U
5838114.38838 446406.158261 379.86 30 U
5838125.33275 446412.429968 379.86 30 U
5838136.3906 446418.500108 378.9 30 U
5838147.33871 446424.433822 379.38 30 U
5838157.84339 446430.22744 378.9 30 U
5838168.01437 446436.017362 378.42 30 U
5838177.62919 446441.801142 377.94 30 U
5838276.04952 446525.753877 377.94 30 U
5838285.29957 446534.372282 373.61 30 U
5838294.09951 446543.458866 373.13 30 U
5838302.89427 446553.018514 373.13 30 U
5838316.74272 446568.379023 373.13 30 U
5838329.26681 446582.778611 372.17 30 U
5838337.72128 446592.942722 371.69 30 U
5838346.06231 446603.308331 371.21 30 U
5838354.85274 446613.273278 370.73 30 U
5838363.64616 446622.96785 369.76 30 U
5838372.11108 446632.18564 369.76 30 U
5838381.36355 446640.600922 369.28 30 U
5838390.17331 446648.808544 369.28 30 U
5838399.43247 446656.615508 369.28 30 U
5838408.25115 446664.012066 369.28 30 U
5838417.06688 446671.678932 368.32 30 U
5838425.87817 446679.751271 367.84 30 U
5838433.79 446688.692421 367.36 30 U
5838440.91359 446698.503599 366.88 30 U
5838447.58857 446708.647795 366.88 30 U
5838454.26356 446718.791962 366.88 30 U
5838460.16513 446728.454499 366.4 30 U
5838465.95769 446737.913047 366.4 30 U
5838472.20261 446746.70061 365.92 30 U
5838482.71245 446762.226291 365.44 30 U
5838489.80811 446774.605404 364.48 30 U
5838489.24865 446785.07585 364.96 30 U
5838476.79465 446794.740387 364.96 30 U
5838462.2494 446802.354389 365.44 30 U
5838443.91263 446810.805698 365.92 30 U
5838425.13906 446818.508793 367.36 30 U
5838406.83111 446824.324462 368.8 30 U
5838389.44256 446827.446535 369.76 30 U
5838361.76003 446835.998785 342.85 30 U
5838368.43825 446845.872612 343.81 30 U
5838389.74061 446840.900616 345.25 30 U
5838418.10507 446841.210351 348.13 30 U
5838446.09009 446845.706605 351.5 30 U
5838473.64419 446848.913879 354.86 30 U
5838499.5357 446851.562244 356.79 30 U
5838526.17412 446857.125118 358.23 30 U
5838554.09645 446867.365645 361.11 30 U
5838572.67816 446877.233768 363.04 30 U
5838586.97403 446892.4622 364.96 30 U
5838596.41101 446914.599233 366.4 30 U
5838602.99581 446933.055276 369.28 30 U
5838616.3475 446953.274735 369.76 30 U
5838635.32645 446967.539994 369.76 30 U
5838659.05085 446975.098 369.28 30 U
5838680.11082 446982.153799 369.28 30 U
5838708.05108 446990.771396 367.84 30 U
5838727.57367 446995.985464 367.36 30 U
5838746.51509 447003.491123 365.44 30 U
5838770.16084 447018.27972 363.52 30 U
5838792.01367 447034.26522 361.11 30 U
5838817.80308 447046.305824 359.19 30 U
5838841.0768 447054.398968 357.75 30 U
5838857.05422 447068.49538 355.83 30 U
5838867.40537 447088.478042 352.94 30 U
5838871.38105 447111.635433 351.5 30 U
5838877.4578 447135.964551 349.1 30 U
5838889.14256 447156.096629 348.13 30 U
5838908.54283 447172.595181 348.62 30 U
5838965.49364 447204.031584 364.0 30 U
5838971.36115 447206.663418 364.96 30 U
5838980.68569 447208.521736 364.48 30 U
5838996.35273 447210.246088 364.0 30 U
5839015.9364 447209.850245 364.96 30 U
5839026.07402 447208.540955 365.44 30 U
5839037.10665 447206.768298 365.44 30 U
5839047.80704 447204.85688 365.92 30 U
5839057.61976 447202.733095 366.88 30 U
5839076.68978 447198.411942 366.4 30 U
5839095.87983 447193.281142 366.4 30 U
5839106.04679 447189.26895 366.88 30 U
5839116.78092 447184.249203 366.88 30 U
5839128.31056 447177.683732 366.88 30 U
5839139.39527 447171.113464 367.36 30 U
5839150.04019 447164.065382 367.36 30 U
5839160.3551 447156.675841 366.88 30 U
5839170.22801 447149.011208 367.84 30 U
5839179.66114 447140.868763 368.32 30 U
5839188.20809 447132.378819 367.36 30 U
5839196.31306 447123.613779 368.32 30 U
5839204.08581 447114.709997 368.8 30 U
5839211.41438 447105.733836 368.8 30 U
5839218.2951 447097.023155 368.32 30 U
5839230.67842 447083.57412 366.88 30 U
5839242.63476 447078.703189 366.4 30 U
5839254.9464 447082.080905 365.44 30 U
5839265.87328 447090.038977 366.4 30 U
5839272.53144 447101.802656 366.88 30 U
5839270.719 447115.028588 367.84 30 U
5839265.00242 447129.225811 368.8 30 U
5839259.44335 447139.167244 368.32 30 U
5839254.2114 447149.720472 369.28 30 U
5839248.5294 447160.741896 369.76 30 U
5839238.68852 447175.705431 370.24 30 U
5839232.58365 447184.694922 370.24 30 U
5839226.13849 447194.288967 369.76 30 U
5839219.24549 447204.1485 368.8 30 U
5839212.79744 447214.012887 368.8 30 U
5839205.90668 447223.669757 368.32 30 U
5839199.0174 447233.191509 368.32 30 U
5839192.46111 447242.784478 367.84 30 U
5839186.01461 447252.513824 367.84 30 U
5839180.02038 447261.572287 367.84 30 U
5839173.59002 447269.815074 367.36 30 U
5839166.25736 447279.196988 367.84 30 U
5839156.78568 447290.921108 366.4 30 U
5839146.45561 447299.729978 366.4 30 U
5839129.77137 447309.754144 365.44 30 U
5839109.80792 447314.403915 364.0 30 U
5839098.779 447315.838913 364.0 30 U
5839087.74641 447317.61179 363.52 30 U
5839077.03656 447320.401905 362.07 30 U
5839065.54149 447323.791776 360.63 30 U
5839054.48843 447327.456778 360.15 30 U
5839042.99118 447331.049408 359.19 30 U
5839031.50124 447333.966305 357.75 30 U
5839020.45916 447336.61773 357.27 30 U
5839009.41562 447339.404318 356.79 30 U
5838998.81628 447342.263309 356.31 30 U
5838988.55064 447345.125923 355.34 30 U
5838978.7219 447348.736696 354.38 30 U
5838968.99489 447353.227175 353.9 30 U
5838959.58917 447358.870075 353.42 30 U
5838951.39532 447365.607448 353.42 30 U
5838943.64423 447372.552383 352.46 30 U
5838932.93606 447385.480378 352.46 30 U
5838927.36949 447396.166125 351.98 30 U
5838928.88828 447410.037338 352.46 30 U
5838935.95492 447425.25257 352.94 30 U
5838942.90381 447441.074744 352.46 30 U
5838949.92166 447460.817491 352.46 30 U
5838953.25685 447471.329016 352.46 30 U
5838956.92794 447481.641398 351.98 30 U
5838960.26535 447491.950164 351.98 30 U
5838964.37704 447502.672771 351.5 30 U
5838968.04019 447513.72844 351.5 30 U
5838972.14537 447525.059193 351.02 30 U
5838976.69916 447536.056844 351.02 30 U
5838980.81095 447546.779375 351.02 30 U
5838987.91078 447558.953337 351.02 30 U
5838993.35087 447570.298383 351.02 30 U
5838999.12759 447581.376695 351.02 30 U
5839004.13008 447592.041144 351.02 30 U
5839008.68547 447602.903507 351.5 30 U
5839012.35539 447613.35082 351.98 30 U
5839016.1431 447623.191136 351.98 30 U
5839020.70511 447633.445266 353.42 30 U
5839025.26132 447644.239977 352.94 30 U
5839029.37262 447655.029882 353.42 30 U
5839032.14333 447666.346017 354.38 30 U
5839032.88572 447680.073315 353.9 30 U
5839034.08107 447693.062064 354.38 30 U
5839035.17102 447705.509012 354.38 30 U
5839036.26682 447717.415354 354.38 30 U
5839038.70688 447728.457551 353.9 30 U
5839041.5948 447739.234215 353.42 30 U
5839044.93203 447749.610193 352.94 30 U
5839047.7182 447759.507163 352.46 30 U
5839051.05837 447769.612814 352.46 30 U
5839056.36814 447782.780794 351.98 30 U
5839063.49537 447792.453956 351.5 30 U
5839079.0481 447804.853154 350.54 30 U
5839091.33704 447810.391501 350.06 30 U
5839103.63685 447814.91621 349.58 30 U
5839115.39137 447818.421327 348.13 30 U
5839126.49152 447820.702945 347.65 30 U
5839138.26995 447821.978105 347.17 30 U
5839149.72482 447822.303656 346.69 30 U
5839161.18766 447821.885899 345.25 30 U
5839173.55123 447820.46409 344.29 30 U
5839184.59015 447818.081957 343.33 30 U
5839195.62979 447815.632263 341.89 30 U
5839206.33863 447812.908712 340.44 30 U
5839216.94131 447809.710974 339.0 30 U
5839228.90054 447804.500396 339.0 30 U
5839241.3076 447799.024328 337.56 30 U
5839253.59764 447794.087672 337.56 30 U
5839266.4482 447788.751577 336.6 30 U
5839277.52266 447783.058557 335.64 30 U
5839289.04786 447776.829767 334.68 30 U
5839301.01945 447770.47064 334.2 30 U
5839311.63884 447765.718925 333.23 30 U
5839321.02887 447761.494665 332.27 30 U
5839338.91326 447753.57721 330.83 30 U
5839353.88601 447747.453165 329.39 30 U
5839370.49441 447734.048287 292.38 30 U
5839379.89099 447729.21601 292.86 30 U
5839389.32533 447720.870109 293.34 30 U
5839400.1032 447711.727743 293.34 30 U
5839413.34564 447700.990042 293.82 30 U
5839421.09264 447694.383131 294.78 30 U
5839429.18207 447686.968994 295.74 30 U
5839437.72298 447678.95154 296.22 30 U
5839446.71393 447670.465914 297.18 30 U
5839455.81903 447661.71124 298.15 30 U
5839464.81291 447652.955402 298.15 30 U
5839472.91403 447644.460298 299.11 30 U
5839480.6822 447635.894063 300.07 30 U
5839488.33842 447627.394228 301.03 30 U
5839496.545 447619.440954 301.03 30 U
5839504.63164 447612.297332 302.47 30 U
5839513.26135 447606.375952 303.43 30 U
5839522.66317 447601.071091 303.91 30 U
5839533.28346 447596.252405 304.88 30 U
5839544.78635 447592.119003 306.32 30 U
5839556.73199 447588.193116 307.28 30 U
5839568.23343 447584.19489 309.68 30 U
5839580.17544 447580.60688 311.12 30 U
5839591.66451 447577.757336 311.6 30 U
5839603.48438 447575.18167 313.05 30 U
5839616.74373 447573.229698 314.49 30 U
5839629.43672 447572.21768 314.97 30 U
5839643.00939 447572.161188 315.93 30 U
5839656.12547 447573.180966 317.37 30 U
5839669.34333 447575.080298 318.81 30 U
5839682.43613 447578.262177 319.3 30 U
5839694.74447 447581.976178 320.74 30 U
5839706.16221 447585.748143 321.22 30 U
5839717.13576 447589.447732 321.7 30 U
5839728.11149 447592.944609 323.14 30 U
5839738.64083 447596.57181 323.14 30 U
5839748.38354 447600.933827 324.1 30 U
5839756.77399 447606.903014 324.58 30 U
5839763.92415 447614.413 325.54 30 U
5839769.83839 447623.058395 326.02 30 U
5839775.52217 447642.783184 327.95 30 U
5839776.63161 447653.404008 328.91 30 U
5839777.40229 447664.49419 330.35 30 U
5839777.27441 447676.385575 330.35 30 U
5839776.25741 447688.199829 332.27 30 U
5839776.57234 447700.298692 333.23 30 U
5839776.4264 447713.879196 334.68 30 U
5839775.83338 447727.657615 335.16 30 U
5839776.57738 447741.247678 336.12 30 U
5839777.32286 447754.702606 337.08 30 U
5839778.40717 447767.688159 338.04 30 U
5839779.94151 447780.205528 338.52 30 U
5839781.92372 447792.457404 339.96 30 U
5839784.35597 447804.24109 341.41 30 U
5839788.46473 447815.299447 341.89 30 U
5839793.46482 447826.232199 342.85 30 U
5839799.35191 447837.444724 343.81 30 U
5839805.12562 447848.858723 344.29 30 U
5839810.89501 447860.67808 345.73 30 U
5839816.77277 447872.768856 346.21 30 U
5839822.53716 447885.061104 347.17 30 U
5839828.41353 447897.286949 349.1 30 U
5839834.18087 447909.308882 350.06 30 U
5839839.61381 447921.394779 351.5 30 U
5839844.93339 447933.682149 351.98 30 U
5839850.36278 447946.105809 352.94 30 U
5839855.34365 447958.8625 353.9 30 U
5839860.21261 447971.685539 354.86 30 U
5839865.19138 447984.644868 355.83 30 U
5839869.72959 447997.194034 356.79 30 U
5839874.2765 448008.932417 357.75 30 U
5839878.83714 448019.387076 358.23 30 U
5839889.65803 448037.408938 361.11 30 U
5839895.91321 448045.449083 362.07 30 U
5839902.73034 448052.954641 363.04 30 U
5839910.21777 448060.197052 363.52 30 U
5839917.81356 448067.710878 364.48 30 U
5839925.40864 448075.292244 364.48 30 U
5839937.04152 448090.214243 365.92 30 U
5839937.76996 448105.357719 366.4 30 U
5839929.17066 448118.915189 367.84 30 U
5839917.5609 448133.11632 369.28 30 U
5839903.81543 448149.389445 370.24 30 U
5839897.26813 448158.306572 370.73 30 U
5839890.38067 448167.828236 371.69 30 U
5839883.48748 448177.890432 372.65 30 U
5839877.47842 448188.502638 373.13 30 U
5839872.68863 448199.533276 373.13 30 U
5839868.78587 448210.84366 374.09 30 U
5839865.65961 448222.365038 374.57 30 U
5839863.87321 448233.427687 374.57 30 U
5839860.76425 448243.327567 375.05 30 U
5839849.58255 448259.15545 375.53 30 U
5839841.83056 448266.303157 376.01 30 U
5839833.30067 448273.375045 376.49 30 U
5839824.32226 448280.78005 375.53 30 U
5839815.67901 448288.053499 375.53 30 U
5839807.14987 448295.057901 375.05 30 U
5839797.74379 448300.836714 374.09 30 U
5839787.89996 448305.935178 373.61 30 U
5839777.29258 448309.606535 373.13 30 U
5839766.25533 448311.854321 371.21 30 U
5839755.21594 448314.304814 370.73 30 U
5839744.50809 448316.961557 369.28 30 U
5839733.92152 448318.673582 368.32 30 U
5839723.34716 448319.237002 368.32 30 U
5839712.67448 448318.583065 366.88 30 U
5839701.67455 448317.317491 366.4 30 U
5839689.77472 448316.988381 365.44 30 U
5839677.85335 448318.686252 364.0 30 U
5839666.36041 448321.942878 363.52 30 U
5839654.53234 448325.33111 361.59 30 U
5839641.71753 448327.357398 360.63 30 U
5839629.4682 448328.511237 359.67 30 U
5839618.34844 448328.055289 356.79 30 U
5839599.311 448329.407358 355.83 30 U
5839583.0695 448339.844168 354.38 30 U
5839575.75469 448347.740369 353.42 30 U
5839569.31541 448356.997388 352.94 30 U
5839564.08611 448367.551198 351.98 30 U
5839562.61367 448380.510016 351.02 30 U
5839561.26111 448392.65921 350.54 30 U
5839560.24729 448404.338974 348.62 30 U
5839559.78035 448416.903018 347.65 30 U
5839555.78405 448426.591498 346.69 30 U
5839544.19597 448438.834993 344.77 30 U
5839531.94667 448439.989142 344.29 30 U
5839520.90709 448431.965809 342.85 30 U
5839509.95583 448426.105807 342.37 30 U
5839500.29856 448424.111329 342.85 30 U
5839483.6997 448426.300577 341.41 30 U
5839464.5525 448427.516764 342.85 30 U
5839453.99605 448426.391241 343.33 30 U
5839443.78691 448423.985434 344.77 30 U
5839432.80057 448421.436226 345.25 30 U
5839421.36214 448419.557987 346.21 30 U
5839409.46946 448418.55343 346.69 30 U
5839396.78884 448418.419025 348.13 30 U
5839384.88184 448418.765863 349.1 30 U
5839373.41046 448419.995833 350.06 30 U
5839361.92405 448422.644788 351.02 30 U
5839350.86539 448426.920164 351.5 30 U
5839339.79885 448431.938838 353.42 30 U
5839329.50952 448437.100927 354.38 30 U
5839319.21447 448442.803606 354.86 30 U
5839309.46844 448449.187912 356.79 30 U
5839299.1641 448455.769067 357.75 30 U
5839289.3047 448462.354963 358.71 30 U
5839279.11806 448468.329208 359.19 30 U
5839268.50151 448472.879763 360.63 30 U
5839256.5659 448475.929626 361.59 30 U
5839244.64174 448477.898353 363.04 30 U
5839232.2755 448479.592091 364.0 30 U
5839220.01836 448481.489734 365.44 30 U
5839208.53341 448484.003781 366.4 30 U
5839197.82066 448487.134237 367.84 30 U
5839186.76707 448490.936903 368.8 30 U
5839175.70918 448495.145025 369.28 30 U
5839164.64558 448499.893752 370.73 30 U
5839154.35633 448505.056179 372.17 30 U
5839145.83753 448511.115912 372.65 30 U
5839137.21795 448526.703529 374.57 30 U
5839135.6788 448546.015439 376.01 30 U
5839131.24193 448565.837385 377.94 30 U
5839126.91295 448575.455746 378.9 30 U
5839121.24847 448585.127597 379.86 30 U
5839114.80537 448594.791246 380.82 30 U
5839108.36444 448604.252198 380.82 30 U
5839102.25937 448613.513978 381.3 30 U
5839096.71404 448622.443781 381.3 30 U
5839091.05251 448631.845449 379.86 30 U
5839086.27445 448641.864697 379.38 30 U
5839081.04719 448652.284715 378.9 30 U
5839076.70912 448662.781717 377.45 30 U
5839073.26378 448673.017824 377.94 30 U
5839071.48982 448683.00124 376.49 30 U
5839071.30461 448700.570584 376.97 30 U
5839073.25639 448715.932243 378.42 30 U
5839076.45599 448729.00925 380.34 30 U
5839083.56374 448740.708183 381.78 30 U
5839094.46698 448751.162996 382.74 30 U
5839108.38137 448760.906067 383.22 30 U
5839123.20272 448769.036683 384.18 30 U
5839135.38222 448774.503786 385.15 30 U
5839144.68317 448778.656532 385.63 30 U
5839154.00402 448780.917211 387.55 30 U
5839167.10825 448783.082536 388.03 30 U
5839179.44948 448783.753052 388.99 30 U
5839190.46658 448783.395929 391.39 30 U
5839201.49363 448782.092791 391.87 30 U
5839212.52353 448780.51937 392.84 30 U
5839222.77337 448779.072907 392.36 30 U
5839233.80469 448777.364357 392.84 30 U
5839246.96012 448774.66448 392.36 30 U
5839264.01726 448771.194739 391.87 30 U
5839274.27493 448769.005026 390.91 30 U
5839285.31052 448766.891091 389.95 30 U
5839296.34541 448764.844738 389.47 30 U
5839308.27158 448762.672621 388.03 30 U
5839320.19989 448760.297803 387.07 30 U
5839331.68256 448757.985883 386.11 30 U
5839342.71887 448755.804431 385.15 30 U
5839353.31096 448753.550734 384.66 30 U
5839363.56936 448751.293533 384.66 30 U
5839373.71723 448748.967601 384.18 30 U
5839383.97633 448746.64285 383.22 30 U
5839393.78979 448744.380994 383.22 30 U
5839403.49202 448742.117976 382.74 30 U
5839423.89972 448737.399804 382.26 30 U
5839434.15954 448735.007535 382.26 30 U
5839445.20014 448732.420772 381.78 30 U
5839456.24073 448729.834022 381.3 30 U
5839467.72698 448727.184402 381.3 30 U
5839479.65887 448724.471916 380.34 30 U
5839491.59219 448721.624306 380.34 30 U
5839503.5248 448718.844279 379.38 30 U
5839515.79182 448716.000216 378.42 30 U
5839528.6143 448713.229597 377.94 30 U
5839541.32698 448710.322685 376.97 30 U
5839554.59725 448707.286516 379.38 30 U
5839568.20264 448704.118748 379.86 30 U
5839581.36168 448701.081442 379.38 30 U
5839594.5193 448698.179288 374.57 30 U
5839607.34393 448695.206065 372.65 30 U
5839620.05519 448692.434387 372.65 30 U
5839632.4299 448689.929471 372.17 30 U
5839644.69125 448687.626096 372.17 30 U
5839657.06311 448685.391472 372.65 30 U
5839668.98719 448683.422433 372.17 30 U
5839681.68493 448681.934577 373.13 30 U
5839693.59832 448680.979044 373.61 30 U
5839705.51101 448680.091083 374.09 30 U
5839716.98232 448678.860606 374.09 30 U
5839728.01511 448677.017356 374.57 30 U
5839738.16659 448674.353947 374.57 30 U
5839756.91441 448668.808042 375.53 30 U
5839777.28656 448667.46879 375.05 30 U
5839787.52219 448667.374053 375.53 30 U
5839797.76138 448666.941496 375.53 30 U
5839808.78349 448666.111771 376.01 30 U
5839819.36494 448664.871972 376.01 30 U
5839838.53562 448661.425376 376.97 30 U
5839856.3665 448658.437668 376.01 30 U
5839873.39238 448657.941609 376.01 30 U
5839886.07087 448658.2781 375.05 30 U
5839894.93035 448662.087959 375.05 30 U
5839884.75178 448667.318646 375.05 30 U
5839867.70453 448669.841636 373.13 30 U
5839853.16291 448677.391336 370.73 30 U
5839836.89722 448690.193459 367.84 30 U
5839827.92302 448697.261397 365.92 30 U
5839818.06109 448704.117287 364.96 30 U
5839806.98629 448709.946846 362.55 30 U
5839795.03444 448714.550895 360.15 30 U
5839782.75459 448718.610934 357.75 30 U
5839771.25623 448722.408941 356.31 30 U
5839760.53153 448726.688125 354.38 30 U
5839750.79867 448731.856221 353.42 30 U
5839740.94392 448738.036643 351.98 30 U
5839731.522 448745.370385 349.58 30 U
5839721.20596 448753.100177 348.13 30 U
5839710.11343 448760.619107 345.25 30 U
5839698.2437 448767.994742 343.33 30 U
5839685.37288 448775.359875 340.92 30 U
5839672.61473 448782.591087 339.48 30 U
5839658.97312 448789.204876 337.08 30 U
5839645.66806 448795.551949 335.64 30 U
5839633.36056 448802.247423 333.71 30 U
5839620.94255 448808.874195 331.79 30 U
5839608.52454 448815.501001 330.35 30 U
5839595.76858 448822.529735 328.91 30 U
5839583.01122 448829.693642 325.06 30 U
5839570.58827 448836.793527 323.14 30 U
5839558.16959 448843.488044 321.7 30 U
5839545.8714 448849.305383 320.26 30 U
5839533.91117 448854.720852 318.81 30 U
5839522.40156 448859.600479 317.37 30 U
5839512.56543 448864.024685 315.93 30 U
5839497.68972 448871.639601 312.57 30 U
5839488.29924 448876.00096 310.16 30 U
5839476.3433 448881.01115 310.64 30 U
5839459.68859 448888.539916 309.2 30 U
5839449.51595 448893.231012 307.76 30 U
5839438.33725 448898.384601 307.28 30 U
5839426.82201 448903.804988 306.32 30 U
5839414.08321 448909.212555 304.88 30 U
5839400.90161 448914.412772 303.43 30 U
5839387.61091 448919.409141 301.99 30 U
5839373.98935 448924.131754 301.03 30 U
5839360.81628 448928.521212 299.11 30 U
5839348.09169 448932.577511 298.15 30 U
5839335.258 448936.429953 297.18 30 U
5839322.5405 448939.810587 295.26 30 U
5839309.71532 448942.852217 293.82 30 U
5839297.00209 448945.82746 292.86 30 U
5839284.17833 448948.733981 291.42 30 U
5839270.57665 448951.564779 289.97 30 U
5839257.4192 448954.467832 289.01 30 U
5839243.81681 448957.366236 288.05 30 U
5839229.7702 448960.192418 286.13 30 U
5839215.72289 448963.086191 284.69 30 U
5839201.67699 448965.844836 283.73 30 U
5839187.29952 448968.39728 282.77 30 U
5839172.81223 448970.813429 281.32 30 U
5839157.54915 448972.951136 279.4 30 U
5839142.61835 448975.227504 278.44 30 U
5839127.79525 448977.842921 277.0 30 U
5839113.30513 448980.529427 275.56 30 U
5839099.26067 448983.15304 274.11 30 U
5839084.77127 448985.772006 273.63 30 U
5839070.72255 448988.801098 271.71 30 U
5839055.89592 448991.754474 270.27 30 U
5839041.84721 448994.783603 268.83 30 U
5839027.79779 448997.880327 267.86 30 U
5839013.74909 449000.909493 266.9 30 U
5838999.69685 449004.276556 265.94 30 U
5838986.08883 449007.715875 265.94 30 U
5838972.92505 449011.227452 263.54 30 U
5838959.76127 449014.739049 263.06 30 U
5838946.15114 449018.381158 262.1 30 U
5838933.32036 449021.963866 260.65 30 U
5838921.04645 449025.484843 258.73 30 U
5838909.99683 449028.951075 258.25 30 U
5838899.72867 449032.15517 257.29 30 U
5838883.09898 449037.3202 254.89 30 U
5838871.16162 449040.57444 253.44 30 U
5838861.789 449043.247285 252.48 30 U
5838850.2987 449046.30348 252.0 30 U
5838834.1281 449050.12172 250.56 30 U
5838824.42674 449052.318067 250.08 30 U
5838814.16709 449054.711337 248.64 30 U
5838802.68245 449057.226968 247.2 30 U
5838790.75218 449059.805533 246.23 30 U
5838778.04398 449062.308384 244.79 30 U
5838764.88943 449064.941751 243.83 30 U
5838751.28783 449067.773214 242.39 30 U
5838736.79566 449070.662963 241.43 30 U
5838722.30349 449073.552729 239.99 30 U
5838707.47762 449076.439023 239.02 30 U
5838692.98475 449079.396406 236.14 30 U
5838678.48976 449082.556547 234.7 30 U
5838664.87474 449086.672136 232.78 30 U
5838652.13546 449092.14866 231.33 30 U
5838639.71999 449098.574827 229.89 30 U
5838627.74735 449105.208422 228.93 30 U
5838616.22106 449111.71154 227.49 30 U
5838604.69337 449118.349851 227.01 30 U
5838593.1671 449124.853032 226.05 30 U
5838582.53282 449131.1628 223.64 30 U
5838568.42843 449139.531589 221.72 30 U
5838558.24334 449145.440581 220.76 30 U
5838544.48115 449153.00196 219.8 30 U
5838535.52671 449158.247972 218.84 30 U
5838525.78446 449164.364437 218.36 30 U
5838515.92746 449170.817676 216.43 30 U
5838506.06695 449177.608853 215.47 30 U
5838495.87203 449184.464157 214.03 30 U
5838486.00871 449191.52572 213.07 30 U
5838475.69553 449199.055747 211.63 30 U
5838465.48725 449207.195213 210.67 30 U
5838454.71718 449215.869574 208.74 30 U
5838444.05765 449224.612717 207.78 30 U
5838433.3932 449233.828981 206.34 30 U
5838422.16767 449243.51257 204.9 30 U
5838411.94467 449253.071474 203.46 30 U
5838401.61116 449262.561674 202.01 30 U
5838392.17106 449271.72327 200.57 30 U
5838383.18014 449280.484033 200.09 30 U
5838375.08121 449289.051346 198.65 30 U
5838366.87106 449297.617529 197.21 30 U
5838358.77005 449306.387653 196.25 30 U
5838350.55501 449315.426985 195.28 30 U
5838341.56276 449324.323073 193.84 30 U
5838332.5663 449333.624702 192.88 30 U
5838323.56564 449343.331875 191.92 30 U
5838314.56219 449353.309422 190.0 30 U
5838305.99878 449363.764729 188.56 30 U
5838297.31782 449374.827182 187.11 30 U
5838289.62956 449386.711105 185.67 30 U
5838281.82518 449399.067007 184.71 30 U
5838274.02154 449411.355362 183.27 30 U
5838266.33056 449423.509742 182.31 30 U
5838258.5326 449435.25749 179.9 30 U
5838250.74448 449446.059076 178.46 30 U
5838243.52379 449455.785096 177.5 30 U
5838236.19398 449465.307234 176.06 30 U
5838229.74986 449475.244151 175.1 30 U
5838223.19382 449485.247527 173.66 30 U
5838216.74973 449495.184497 172.69 30 U
5838209.85723 449505.45481 171.25 30 U
5838203.40618 449516.067697 169.81 30 U
5838196.95375 449526.815786 169.33 30 U
5838190.3866 449537.900682 167.41 30 U
5838184.82479 449548.590463 166.45 30 U
5838180.05494 449558.004188 166.93 30 U
5838172.2342 449571.982723 163.08 30 U
5838165.36636 449579.887696 162.12 30 U
5838158.45164 449592.32102 162.6 30 U
5838151.09622 449604.344251 162.6 30 U
5838139.49717 449617.945869 164.04 30 U
5838124.12462 449630.697376 165.48 30 U
5838114.72297 449636.210479 166.45 30 U
5838104.10686 449640.832308 167.89 30 U
5838092.94297 449644.63735 168.37 30 U
5838082.78927 449647.574118 169.33 30 U
5838072.53482 449649.495927 170.77 30 U
5838055.15864 449651.614478 171.73 30 U
5838040.27154 449649.703033 173.66 30 U
5838026.43516 449643.003124 175.1 30 U
5838011.62567 449633.58926 177.02 30 U
5838005.38186 449624.196371 177.5 30 U
5837994.79088 449615.637225 177.98 30 U
5837983.85781 449607.885661 178.94 30 U
5837969.12114 449602.190192 178.46 30 U
5837954.21866 449601.765545 177.98 30 U
5837938.93351 449606.068746 178.46 30 U
5837921.84904 449612.246084 176.54 30 U
5837904.8996 449616.12654 176.54 30 U
5837890.01041 449614.417712 175.58 30 U
5837878.61702 449608.148379 174.62 30 U
5837869.33288 449602.30644 174.62 30 U
5837857.18677 449593.528119 173.66 30 U
5837848.68128 449587.694188 173.17 30 U
5837837.75106 449579.671971 172.69 30 U
5837829.35542 449573.974329 173.66 30 U
5837820.52676 449567.123 173.17 30 U
