24.384 -12.605 -435.002
32.055 -12.117 -431.037
34.985 -5.258 -428.293
24.79 -8.95 -434.124
10.325 -8.699 -441.385
-2.834 -7.996 -447.904
-6.481 -3.196 -448.659
-0.806 4.662 -444.547
5.552 13.518 -439.704
15.551 18.701 -433.698
22.547 36.017 -426.974
65.829 53.618 -415.113
93.307 65.801 -411.26
107.721 70.281 -409.003
119.14 76.319 -407.522
132.218 80.92 -405.54
146.625 86.008 -402.864
206.809 106.305 -392.772
220.337 110.438 -394.813
233.871 114.03 -396.361
266.567 131.597 -402.12
277.552 134.216 -403.306
296.713 131.716 -403.765
279.792 68.347 -392.794
278.285 53.19 -393.768
274.444 37.94 -394.624
275.781 19.54 -394.455
270.568 -0.994 -390.618
274.08 -20.243 -389.107
272.576 -36.31 -386.745
272.972 -52.942 -384.784
277.607 -91.394 -381.174
281.048 -101.091 -380.828
285.705 -120.289 -379.608
290.131 -138.897 -378.403
303.118 -204.022 -379.236
296.955 -220.514 -377.251
287.348 -237.515 -379.412
279.081 -255.044 -382.042
272.835 -274.173 -385.042
270.387 -284.473 -386.701
268.056 -295.313 -388.458
266.063 -306.556 -390.301
263.964 -318.272 -392.22
261.647 -330.397 -394.199
259.555 -342.721 -396.223
257.57 -354.639 -398.182
255.576 -365.747 -400.002
248.364 -379.732 -400.86
244.289 -397.479 -400.491
234.963 -399.269 -405.044
234.829 -383.19 -400.168
237.696 -370.452 -399.969
238.39 -355.904 -397.496
237.391 -345.775 -395.704
227.434 -323.291 -391.362
223.871 -312.649 -389.361
219.976 -302.213 -387.655
215.192 -291.788 -388.276
210.852 -281.357 -388.672
210.679 -258.651 -384.848
208.451 -248.063 -384.15
207.115 -237.6 -383.023
192.797 -224.83 -388.057
182.427 -212.233 -391.126
160.62 -194.868 -399.152
151.446 -171.852 -399.822
146.345 -162.984 -400.872
141.571 -153.504 -401.651
137.124 -143.413 -402.139
117.83 -122.415 -408.019
107.51 -122.409 -413.232
108.491 -174.607 -421.998
101.92 -208.593 -431.171
99.359 -228.248 -435.851
100.696 -238.779 -436.989
102.473 -248.832 -437.823
104.692 -258.61 -438.08
108.781 -276.817 -436.863
110.198 -294.783 -436.556
112.047 -311.594 -436.09
117.346 -328.436 -434.445
127.706 -340.087 -431.02
136.781 -362.92 -428.144
138.554 -372.635 -427.634
126.281 -382.842 -435.978
112.439 -394.656 -445.831
96.869 -405.437 -455.827
83.451 -419.709 -466.601
77.642 -427.816 -472.102
73.227 -438.717 -478.338
67.445 -449.324 -484.307
61.556 -460.271 -485.676
56.223 -471.212 -487.033
51.224 -482.149 -488.383
46.221 -492.748 -489.694
41.219 -503.415 -491.013
36.658 -513.807 -492.292
28.405 -532.418 -494.584
24.032 -560.113 -497.834
25.508 -573.211 -499.3
24.283 -586.351 -500.825
24.483 -604.803 -502.152
23.783 -622.386 -500.05
32.521 -636.971 -498.118
58.672 -648.047 -496.256
75.168 -650.978 -495.57
93.447 -654.228 -494.809
110.524 -659.383 -493.844
127.161 -665.084 -492.821
143.783 -669.365 -491.97
156.505 -673.013 -491.274
162.491 -681.33 -490.152
144.82 -693.774 -489.011
131.269 -701.074 -488.406
113.072 -710.858 -487.596
103.79 -716.704 -487.772
93.621 -722.695 -489.754
82.156 -726.499 -491.89
70.768 -732.976 -494.102
59.374 -738.846 -496.295
47.187 -743.507 -498.586
35.329 -747.691 -500.804
18.435 -749.59 -503.827
7.443 -751.602 -505.819
-3.223 -752.799 -507.728
-13.785 -753.387 -502.93
-24.024 -753.025 -495.704
-34.615 -750.909 -488.171
-52.916 -745.767 -475.104
-66.031 -746.788 -465.896
-92.22 -764.343 -447.572
-106.313 -778.753 -437.504
-119.268 -794.644 -428.28
-125.964 -802.964 -423.514
-132.659 -811.284 -418.748
-150.131 -824.858 -406.216
-159.146 -832.536 -400.035
-168.405 -840.41 -394.183
-178.112 -848.087 -387.985
-187.705 -853.272 -381.591
-197.409 -861.219 -375.425
-207.557 -869.104 -370.398
-217.152 -876.847 -366.134
-227.304 -884.461 -361.497
-237.344 -892.074 -361.623
-246.607 -899.611 -367.278
-255.422 -907.414 -372.796
-262.597 -911.322 -376.757
-270.979 -917.971 -381.837
-279.032 -924.21 -386.686
-297.645 -939.749 -398.135
-304.753 -951.116 -403.687
-306.133 -963.543 -406.985
-297.395 -977.811 -406.295
-289.825 -992.346 -406.169
-284.801 -1010.382 -407.48
-277.083 -1024.426 -406.607
-269.742 -1042.91 -406.418
-270.94 -1055.497 -408.403
-277.128 -1069.491 -413.556
-283.743 -1085.112 -419.524
-287.004 -1102.319 -424.723
-287.753 -1113.129 -427.546
-284.041 -1129.292 -430.12
-273.478 -1149.438 -431.302
-266.604 -1157.475 -430.866
-253.766 -1171.666 -429.858
-240.064 -1183.617 -428.023
-222.673 -1203.6 -432.207
-203.544 -1209.231 -437.076
-193.292 -1210.809 -439.343
-182.717 -1211.437 -441.444
-171.7 -1211.789 -443.561
-161.339 -1213.961 -445.989
-150.314 -1215.058 -448.285
-139.846 -1214.044 -449.976
-129.258 -1215.888 -452.369
-107.518 -1220.112 -457.385
-95.874 -1225.567 -460.83
-85.614 -1227.889 -463.275
-75.803 -1229.809 -465.542
-56.31 -1232.097 -471.243
-37.163 -1233.307 -482.871
-18.447 -1235.739 -493.994
-2.72 -1239.487 -499.442
8.254 -1242.951 -494.341
13.281 -1244.856 -491.943
23.543 -1247.38 -487.312
36.687 -1248.926 -481.709
52.824 -1249.493 -475.089
70.839 -1249.561 -467.809
90.523 -1248.755 -460.026
100.643 -1248.441 -456.005
111.209 -1248.19 -451.792
122.329 -1247.73 -447.396
132.889 -1247.006 -443.277
143.109 -1245.678 -439.414
161.642 -1241.487 -432.754
180.267 -1235.672 -427.379
196.137 -1232.573 -423.519
206.663 -1228.74 -421.485
217.636 -1225.037 -419.277
228.721 -1221.401 -417.48
240.142 -1217.964 -415.701
251.571 -1215.338 -413.679
263.002 -1212.847 -411.617
273.988 -1210.293 -409.682
284.059 -1207.326 -408.095
293.826 -1205.191 -406.335
305.269 -1203.781 -403.949
317.171 -1203.719 -401.052
320.98 -1206.178 -399.39
336.193 -1224.288 -390.297
334.616 -1237.641 -386.727
328.731 -1248.858 -384.845
315.179 -1259.166 -385.11
296.881 -1274.557 -385.032
282.685 -1288.637 -386.042
275.107 -1297.642 -391.057
267.984 -1307.454 -396.244
260.416 -1317.338 -401.566
252.51 -1326.753 -403.625
244.486 -1335.629 -402.354
234.348 -1342.47 -400.852
225.988 -1351.078 -399.543
217.625 -1359.484 -399.764
210.037 -1367.544 -402.634
202.445 -1375.198 -405.515
194.072 -1382.59 -408.718
185.25 -1389.717 -412.107
175.982 -1396.714 -415.68
166.715 -1403.778 -419.251
157.218 -1408.188 -422.977
147.944 -1414.644 -426.564
137.883 -1420.297 -430.489
128.149 -1425.406 -434.027
119.125 -1428.766 -436.777
100.505 -1435.055 -442.508
90.408 -1437.464 -445.704
79.751 -1439.541 -449.119
68.311 -1441.222 -452.833
56.529 -1442.162 -456.729
45.075 -1442.491 -460.568
31.359 -1440.66 -465.363
19.905 -1441.056 -469.196
8.003 -1441.187 -473.205
-4.344 -1441.255 -477.369
-16.574 -1441.93 -476.026
-28.02 -1443.07 -473.814
-39.47 -1443.804 -471.636
-50.592 -1444.061 -469.562
-65.14 -1445.123 -466.785
-75.7 -1445.847 -465.356
-94.347 -1449.77 -470.753
-110.394 -1457.315 -476.715
-125.544 -1465.593 -482.709
-141.637 -1469.083 -487.399
-158.63 -1471.568 -491.973
-170.746 -1477.756 -496.63
-188.091 -1488.763 -503.975
-196.919 -1495.214 -507.982
-205.304 -1501.594 -511.868
-213.686 -1508.176 -515.817
-222.178 -1514.894 -519.725
-230.111 -1521.877 -521.946
-238.04 -1529.265 -520.797
-245.633 -1536.785 -518.017
-253.226 -1544.304 -515.238
-260.134 -1549.719 -512.622
-275.237 -1562.189 -506.94
-283.184 -1567.888 -503.898
-292.471 -1573.128 -500.255
-302.206 -1578.102 -496.404
-311.5 -1582.667 -492.715
-320.799 -1586.825 -489
-337.737 -1594.381 -482.232
-355.187 -1596.85 -474.931
-373.15 -1592.493 -466.991
-388.133 -1585.56 -460.163
-403.932 -1575.255 -454.683
-420.959 -1564.559 -449.366
-430.369 -1558.645 -446.427
-440.671 -1552.539 -443.382
-451.308 -1546.369 -440.3
-461.606 -1540.601 -437.127
-472.811 -1532.794 -431.701
-483.549 -1527.503 -427.527
-493.39 -1522.879 -423.807
-502.67 -1518.655 -420.362
-512.5 -1514.977 -417.086
-531.149 -1514.005 -414.133
-549.873 -1510.898 -412.011
-580.32 -1512.065 -406.894
-594.253 -1516.621 -404.923
-610.647 -1523.447 -405.525
-626.239 -1532.002 -407.062
-643.456 -1544.496 -410.185
-653.173 -1551.093 -410.027
-662.441 -1558.024 -402.847
-671.708 -1565.157 -395.651
-696.432 -1587.713 -385.195
-705.225 -1597.343 -385.932
-712.549 -1614.63 -385.778
-714.888 -1634.533 -384.535
-714.231 -1653.794 -382.822
-711.015 -1673.027 -380.665
-704.447 -1691.123 -378.016
-698.592 -1694.453 -376.717
-692.938 -1702.774 -375.039
-683.44 -1725.684 -373.972
-678.668 -1734.758 -376.62
-671.684 -1752.597 -379.777
-669.374 -1770.42 -382.606
-671.402 -1792.407 -386.123
-674.765 -1802.916 -386.857
-673.052 -1820.085 -390.909
-667.835 -1829.087 -394.743
-655.876 -1812.745 -396.266
-653.015 -1799.936 -394.882
-652.694 -1788.709 -392.803
-650.279 -1775.702 -392.299
-645.004 -1759.755 -397.944
-637.534 -1741.148 -405.404
-632.97 -1731.362 -409.469
-628.406 -1721.509 -413.539
-623.062 -1711.782 -418.154
-617.159 -1711.058 -422.421
-610.913 -1702.402 -427.59
-604.211 -1694.824 -432.995
-589.097 -1686.031 -444.495
-573.182 -1676.593 -456.621
-553.662 -1671.24 -470.976
-532.877 -1669.591 -485.925
-510.223 -1672.842 -491.322
-499.194 -1674.275 -493.737
-487.712 -1676.379 -496.538
-476.669 -1679.097 -499.557
-466.394 -1682.769 -502.901
-457.436 -1688.011 -506.472
-443.713 -1701.719 -513.138
-433.732 -1718.983 -521.399
-424.635 -1736.866 -529.934
-410.133 -1762.835 -536.586
-403.695 -1771.552 -538.272
-397.256 -1780.405 -539.982
-390.373 -1789.253 -541.699
-383.934 -1798.038 -543.397
-377.392 -1806.213 -544.988
-364.562 -1810.921 -546.068
-350.907 -1818.409 -547.663
-335.986 -1819.596 -548.146
-322.067 -1813.029 -547.216
-308.588 -1804.565 -545.935
-295.138 -1793.532 -544.192
-284.543 -1785.652 -542.965
-276.937 -1779.281 -541.955
-268.551 -1773.104 -540.995
-259.272 -1767.12 -540.085
-249.546 -1761.334 -539.22
-240.374 -1755.757 -538.381
-230.203 -1750.033 -536.975
-220.473 -1744.585 -533.892
-210.41 -1739.201 -531.135
-200.234 -1733.883 -528.627
-190.502 -1728.638 -526.219
-180.881 -1723.394 -523.834
-171.596 -1718.019 -521.514
-159.071 -1713.962 -518.581
-149.344 -1708.312 -516.149
-140.51 -1702.333 -513.888
-131.68 -1696.016 -511.607
-123.63 -1689.64 -509.489
-116.137 -1683.068 -507.478
-108.542 -1675.751 -505.4
-100.957 -1667.488 -503.266
-93.936 -1658.555 -501.211
-87.252 -1649.287 -499.104
-80.901 -1640.091 -497.039
-65.328 -1620.668 -492.196
-53.216 -1609.381 -488.698
-35.853 -1599.996 -484.163
-25.774 -1595.964 -481.631
-14.797 -1592.734 -478.954
-3.37 -1589.836 -476.167
8.508 -1587.542 -473.211
19.952 -1586.199 -470.425
30.959 -1585.673 -467.798
41.642 -1585.96 -465.306
52.217 -1586.588 -462.863
66.432 -1585.145 -459.186
88.012 -1584.907 -451.859
98.675 -1583.438 -448.006
108.772 -1581.028 -444.183
119.419 -1578.072 -440.079
130.39 -1574.233 -435.714
141.352 -1569.583 -431.212
152.307 -1564.258 -426.596
162.815 -1558.734 -422.097
173.879 -1553.205 -417.41
184.827 -1547.271 -412.691
195.327 -1541.072 -408.079
225.679 -1525.673 -398.137
236.736 -1519.603 -398.569
247.685 -1513.669 -398.574
258.189 -1507.876 -400.1
268.36 -1502.086 -401.582
277.975 -1496.302 -402.99
325.362 -1450.879 -410.329
365.158 -1419.075 -411.65
373.958 -1409.988 -406.307
382.753 -1400.429 -400.8
396.602 -1385.068 -392.019
409.126 -1370.669 -383.899
417.58 -1360.504 -378.263
425.921 -1350.139 -372.583
434.712 -1340.174 -366.934
443.505 -1330.479 -361.379
451.97 -1321.262 -355.322
461.222 -1312.846 -348.663
476.362 -1305.596 -342.826
485.621 -1297.789 -341.256
494.44 -1290.392 -339.763
503.256 -1282.725 -339.482
512.067 -1274.653 -341.057
519.979 -1265.712 -343.013
527.103 -1255.901 -345.336
533.777 -1245.756 -347.817
540.452 -1235.612 -350.298
546.354 -1225.95 -352.713
552.147 -1216.491 -355.075
558.392 -1207.704 -357.172
566.939 -1193.405 -360.767
574.034 -1181.025 -362.148
575.487 -1167.493 -360.292
553.488 -1150.419 -370.284
538.943 -1142.805 -377.191
520.606 -1134.353 -384.917
498.516 -1132.179 -388.129
480.208 -1126.363 -392.074
462.819 -1123.241 -395.053
452.434 -1116.161 -398.499
459.112 -1106.287 -400.893
475.508 -1103.408 -399.945
503.872 -1103.098 -392.102
535.174 -1106.342 -376.165
562.728 -1103.135 -361.642
588.62 -1100.487 -348.025
616.019 -1097.451 -333.595
643.941 -1082.787 -317.946
662.523 -1072.919 -307.523
676.819 -1057.691 -300.012
686.256 -1035.554 -304.701
692.84 -1017.098 -308.788
705.505 -1000.583 -311.504
724.484 -986.318 -312.732
748.209 -978.76 -311.482
769.268 -971.704 -310.467
797.209 -963.086 -308.918
816.731 -957.872 -307.78
835.673 -952.476 -306.867
862.116 -934.302 -308.588
883.968 -922.739 -309.037
909.758 -912.91 -310.023
936.195 -899.582 -314.759
960.585 -871.341 -312.43
964.56 -848.184 -302.765
970.637 -817.22 -295.695
982.322 -797.088 -292.923
991.982 -792.955 -288.23
1038.21 -760.401 -268.223
1044.078 -757.77 -265.396
1064.051 -747.618 -254.793
1093.391 -742.398 -236.841
1103.528 -743.707 -230.246
1114.561 -745.48 -223.024
1125.261 -747.391 -215.996
1135.074 -749.515 -217.667
1154.144 -753.836 -224.789
1177.039 -758.409 -233.416
1187.206 -762.422 -236.998
1197.94 -767.441 -240.681
1217.806 -773.56 -247.896
1228.451 -780.608 -251.288
1238.766 -787.998 -254.503
1248.639 -795.662 -257.506
1258.489 -802.725 -260.576
1267.036 -811.215 -262.942
1275.141 -819.98 -265.096
1282.914 -828.884 -267.099
1309.607 -855.251 -292.103
1320.542 -869.878 -304.624
1340.178 -876.675 -316.297
1352.49 -873.298 -319.372
1363.417 -865.34 -308.163
1365.291 -852.472 -299.573
1362.031 -829.505 -297.949
1344.542 -797.722 -282.571
1338.983 -787.78 -279.01
1333.751 -777.227 -275.098
1314.818 -753.646 -267.769
1308.713 -744.657 -264.758
1302.268 -735.063 -261.531
1295.375 -725.203 -258.267
1288.927 -715.339 -254.915
1282.036 -705.682 -251.745
1275.147 -696.16 -248.638
1268.591 -686.567 -245.434
1262.144 -676.838 -242.144
1256.15 -667.78 -239.079
1249.72 -659.537 -236.481
1242.387 -650.155 -233.526
1226.389 -646.331 -234.855
1213.163 -639.878 -234.416
1191.922 -639.357 -238.309
1145.956 -625.84 -237.629
1134.461 -622.45 -233.434
1117.593 -617.779 -237.196
1106.096 -614.187 -244.941
1094.606 -611.27 -252.597
1083.564 -608.618 -259.935
1072.52 -605.832 -267.291
1061.921 -602.973 -274.375
1050.32 -591.209 -280.183
1040.357 -584.264 -285.307
1029.649 -564.702 -288.734
1024.082 -554.016 -290.426
1025.601 -540.145 -287.076
1041.353 -506.946 -276.206
1048.302 -491.123 -282.768
1055.32 -471.381 -291.006
1058.655 -460.869 -295.404
1062.326 -450.557 -299.706
1065.664 -440.248 -304.018
1069.775 -429.525 -308.483
1073.439 -418.47 -313.104
1081.249 -407.826 -317.422
1085.802 -396.828 -321.991
1089.914 -386.106 -326.456
1097.014 -373.932 -331.452
1102.454 -362.587 -333.789
1112.279 -333.966 -342.405
1117.282 -323.301 -346.383
1121.837 -312.439 -350.385
1134.586 -255.375 -365.966
1138.545 -220.042 -375.618
1150.198 -191.436 -379.164
1161.842 -166.116 -378.557
1171.065 -152.76 -373.31
1187.193 -143.934 -362.275
1199.493 -139.41 -352.857
1211.247 -135.904 -343.942
1222.347 -133.623 -335.631
1234.126 -132.348 -326.932
1245.581 -132.022 -318.567
1257.043 -132.44 -310.274
1268.056 -131.705 -302.189
1279.095 -134.154 -294.416
1289.804 -136.878 -286.912
1300.407 -140.076 -279.535
1331.641 -147.897 -257.063
1344.491 -153.233 -247.134
1355.566 -158.926 -239.495
1367.091 -165.155 -237.522
1379.063 -171.514 -235.485
1387.768 -178.007 -233.982
1437.583 -199.698 -230.005
1476.233 -217.624 -226.646
1489.475 -228.362 -224.349
1497.222 -234.969 -222.925
1505.312 -242.383 -221.308
1513.852 -250.4 -219.555
1522.843 -258.886 -217.697
1538.935 -273.402 -214.54
1546.703 -281.968 -212.628
1554.36 -290.468 -210.728
1562.566 -298.421 -208.981
1570.653 -305.565 -207.432
1579.283 -311.486 -206.204
1604.826 -343.24 -194.69
1620.916 -355.455 -189.235
1632.862 -359.381 -186.468
1644.363 -363.379 -183.749
1670.252 -377.007 -176.613
1681.741 -379.856 -174.287
1693.561 -382.432 -171.97
1706.821 -384.384 -169.571
1719.514 -385.396 -167.455
1733.086 -385.452 -165.411
1746.202 -384.433 -163.664
1759.42 -382.533 -162.089
1772.513 -379.351 -160.805
1796.104 -374.296 -158.347
1807.522 -370.524 -158.973
1818.496 -366.825 -166.26
1829.471 -363.328 -173.404
1840.001 -359.701 -180.451
1849.743 -355.339 -187.685
1858.134 -349.369 -195.484
1865.284 -341.859 -203.849
1871.198 -333.214 -212.493
1874.43 -304.791 -234.023
1875.539 -294.17 -242.026
1877.038 -265.148 -263.245
1876.91 -253.256 -271.624
1877.518 -229.88 -288.46
1876.925 -216.102 -297.979
1881.086 -202.511 -307.003
1881.831 -189.057 -314.877
1886.862 -174.883 -324.378
1888.396 -162.366 -331.942
1890.379 -150.114 -339.482
1892.811 -138.33 -345.909
1896.92 -127.272 -351.824
1901.92 -116.339 -357.939
1907.807 -105.127 -364.425
1913.58 -93.713 -370.966
1919.35 -81.893 -377.68
1925.228 -69.803 -384.541
1930.992 -57.51 -391.457
1941.428 -33.483 -404.542
1947.195 -21.461 -411.157
1952.628 -9.375 -417.707
1957.948 2.912 -424.31
1963.378 15.336 -431
1968.358 28.093 -437.707
1976.644 37.499 -443.916
1981.623 50.458 -450.707
1986.161 63.008 -457.206
1990.708 74.746 -463.367
1995.269 85.201 -466.234
2029.992 118.504 -458.809
2043.281 128.363 -454.034
2046.82 143.285 -445.942
2044.254 158.429 -438.826
2022.665 180.493 -424.417
2011.055 194.694 -411.94
1986.1 220.702 -387.378
1974.108 243.206 -370.571
1969.318 254.237 -362.837
1971.11 272.381 -354.594
1973.631 285.117 -349.392
1970.522 295.017 -343.001
1952.328 307.741 -328.213
1944.576 314.889 -320.848
1917.141 340.245 -294.238
1908.612 347.249 -286.447
1892.998 350.001 -277.708
1883.154 355.1 -270.353
1872.93 354.748 -265.812
1861.893 356.996 -259.468
1850.853 359.446 -253.013
1840.146 362.103 -246.597
1829.559 363.815 -240.756
1818.985 364.378 -235.551
1808.312 363.724 -230.967
1797.312 362.459 -236.411
1760.856 368.465 -252.378
1749.028 371.853 -256.768
1736.213 373.879 -256.431
1723.964 375.033 -254.258
1712.844 374.577 -252.032
1698.414 379.931 -250.146
1691.284 388.09 -250.143
1681.548 406.446 -251.357
1679.363 431.436 -255.149
1677.89 444.395 -254.567
1670.45 476.786 -240.734
1666.453 486.474 -237.532
1645.348 486.409 -248.719
1624.37 470.725 -251.145
1588.901 475.159 -245.037
1579.244 473.165 -243.603
1543.599 468.734 -256.79
1533.042 467.609 -260.727
1522.295 470.853 -265.475
1511.309 468.304 -269.34
1499.87 466.425 -273.494
1487.978 465.421 -277.974
1473.481 469.389 -284.31
1461.473 477.572 -290.384
1450.002 478.802 -295.076
1438.515 481.451 -300.012
1401.413 510.899 -319.482
1393.483 513.18 -322.967
1383.179 519.761 -328.105
1349.562 526.32 -337.03
1337.807 529.731 -339.185
1325.871 532.781 -341.177
1313.947 534.75 -342.659
1282.332 545.878 -346.394
1272.043 551.04 -347.07
1263.524 557.1 -347.697
1248.759 571.476 -348.931
1246.689 596.372 -349.974
1242.252 616.194 -350.934
1237.923 625.812 -351.501
1226.734 647.478 -352.846
1220.291 657.142 -353.513
1213.85 666.603 -354.173
1207.745 675.865 -354.809
1202.199 684.795 -355.407
1196.538 694.196 -356.028
1191.76 704.215 -356.427
1184.519 723.659 -356.286
1182.745 733.643 -355.927
1182.56 751.212 -354.863
1184.511 766.574 -353.621
1187.711 779.651 -352.344
1194.819 791.35 -350.576
1227.377 817.639 -344.158
1256.428 833.665 -338.889
1266.678 832.218 -337.468
1303.443 834.677 -324.344
1320.501 831.208 -315.905
1330.758 829.018 -310.882
1341.794 826.904 -305.356
1352.829 824.858 -299.795
1364.755 822.685 -292.986
1376.683 820.311 -286.204
1388.166 817.999 -279.689
1399.202 815.817 -273.406
1409.794 813.564 -267.457
1443.539 807.909 -247.729
1453.687 805.583 -242.115
1463.946 803.258 -236.426
1473.76 800.996 -231.004
1483.462 798.733 -225.656
1503.87 794.015 -214.387
1514.13 791.623 -208.732
1525.17 789.036 -202.653
1536.211 786.449 -196.573
1547.697 783.8 -190.228
1559.629 781.087 -183.615
1571.562 778.239 -177.818
1583.495 775.459 -173.961
1595.762 772.615 -168.962
1608.584 769.845 -163.699
1621.297 766.938 -158.511
1634.567 763.902 -153.338
1655.233 758.902 -145.359
1668.392 755.865 -140.24
1681.55 752.963 -135.086
1694.375 749.989 -130.1
1707.086 747.218 -125.113
1719.461 739.544 -121.555
1731.722 737.24 -116.648
1744.094 735.006 -111.673
1756.018 733.037 -106.83
1768.716 731.549 -101.515
1780.629 730.593 -96.412
1804.693 728.283 -86.205
1831.672 723.606 -96.533
1842.704 721.763 -101.644
1852.856 719.1 -106.598
1871.604 713.554 -117.958
1891.976 712.215 -130.258
1902.211 712.12 -136.389
1912.451 711.687 -142.551
1923.473 710.858 -149.215
1934.054 709.618 -155.649
1953.225 706.171 -167.405
1971.056 703.183 -178.322
1988.082 702.687 -188.549
2000.76 703.024 -196.107
1999.279 710.231 -194.621
1989.101 715.462 -188.096
1970.898 722.608 -176.611
1941.644 743.562 -157.365
1920.232 756.332 -143.492
1910.37 763.188 -137.021
1893.653 769.106 -126.952
1881.701 773.71 -120.249
1869.421 777.77 -113.297
1857.923 781.568 -106.786
1845.915 794.324 -100.844
1836.06 800.504 -95.55
1828.813 805.438 -91.694
1812.854 813.256 -82.906
1801.762 820.775 -81.215
1789.892 828.151 -83.957
1777.021 835.516 -86.87
1748.744 853.239 -93.418
1735.103 859.853 -96.389
1721.798 866.2 -99.276
1709.49 872.896 -102.027
1697.072 879.522 -104.79
1684.654 886.149 -108.671
1671.898 893.178 -113.14
1659.141 900.342 -117.585
1646.718 907.442 -121.891
1634.299 914.136 -126.268
1622.001 919.953 -130.748
1610.041 925.369 -135.149
1598.531 930.249 -139.443
1588.695 934.673 -143.067
1573.819 942.288 -147.631
1564.429 946.649 -150.018
1552.473 951.659 -153.156
1535.818 959.188 -157.427
1501.504 969.933 -167.083
1488.765 975.341 -170.413
1475.583 980.541 -173.93
1462.293 985.537 -177.52
1443.147 989.108 -183.343
1429.974 993.497 -187.003
1417.249 997.553 -190.545
1404.415 1001.406 -194.148
1368.434 1006.638 -205.303
1355.61 1009.544 -209.082
1342.009 1012.375 -218.221
1328.851 1015.278 -226.91
1315.249 1018.177 -234.98
1301.202 1021.003 -243.317
1287.155 1023.897 -251.653
1273.109 1026.655 -259.991
1258.732 1029.208 -268.532
1244.244 1031.624 -277.142
1228.981 1033.761 -286.223
1214.05 1036.038 -295.101
1183.142 1044.944 -313.385
1169.097 1047.568 -321.726
1154.608 1050.187 -330.332
1140.559 1053.216 -338.666
1125.733 1056.169 -346.469
1111.684 1059.198 -345.239
1098.078 1064.215 -344
1084.029 1067.244 -342.769
1069.977 1070.611 -341.531
1055.512 1076.473 -340.202
1042.348 1079.985 -339.375
1029.185 1083.496 -342.915
1015.574 1087.139 -346.569
1002.744 1090.721 -349.938
990.47 1094.242 -353.113
958.904 1104.807 -360.516
946.966 1108.061 -363.691
937.594 1110.734 -366.123
926.103 1113.79 -369.218
909.933 1117.609 -373.816
900.231 1119.805 -376.718
889.972 1122.198 -383.056
878.487 1124.714 -390.234
866.557 1127.293 -397.707
853.849 1129.795 -405.792
840.694 1132.429 -414.138
827.092 1135.26 -422.714
812.6 1138.15 -431.915
780.146 1145.59 -452.03
746.784 1163.1 -467.719
734.044 1168.576 -474.322
721.629 1175.002 -479.961
672.646 1206.855 -492.057
658.884 1214.416 -495.3
649.93 1219.662 -497.39
640.188 1225.779 -499.753
622.379 1234.491 -504.482
612.519 1241.282 -507.091
563.532 1287.489 -519.987
552.762 1296.163 -522.83
542.103 1304.906 -525.643
531.438 1314.122 -528.455
520.213 1323.806 -531.415
509.99 1333.365 -534.107
499.656 1342.855 -536.829
490.216 1352.017 -539.312
481.225 1360.777 -541.678
473.126 1369.345 -543.805
464.916 1377.911 -545.963
456.815 1386.681 -548.09
448.6 1395.72 -550.246
439.608 1404.616 -552.58
430.611 1413.918 -554.907
412.837 1443.449 -559.448
403.833 1453.426 -561.546
395.27 1463.882 -562.027
386.589 1474.944 -562.436
378.901 1486.828 -562.442
370.812 1501.44 -562.09
363.008 1513.728 -562.059
355.317 1525.883 -562.02
347.519 1537.631 -562.079
339.731 1548.432 -562.296
332.51 1558.158 -562.547
325.181 1567.68 -562.861
318.737 1577.617 -562.871
312.181 1587.621 -562.899
305.736 1597.558 -562.666
297.278 1617.695 -560.553
290.827 1628.308 -560.125
278.873 1655.433 -557.471
272.005 1663.338 -557.861
265.09 1675.772 -557.138
257.735 1687.795 -555.537
246.136 1701.396 -554.066
229.607 1706.057 -557.878
220.205 1711.57 -558.983
180.017 1717.758 -580.909
126.018 1690.375 -576.221
111.208 1680.961 -574.504
92.826 1674.637 -575.918
82.235 1666.078 -577.675
56.59 1668.194 -578.042
30.538 1682.706 -577.155
15.636 1682.281 -577.476
-6.297 1678.591 -577.434
-22.723 1666.719 -572.897
-34.116 1660.45 -570.001
-43.4 1654.608 -567.548
-55.546 1645.83 -564.193
-64.052 1639.996 -561.884
-74.982 1631.974 -558.849
-83.378 1626.276 -556.577
-103.019 1614.639 -551.479
