0 0 278.44
2.8175 0.3123 279.8405
4.4949 0.6706 280.6615
5.7395 1.0694 281.2608
6.6404 1.4663 281.6865
7.272 1.826 281.9788
7.8243 2.2234 282.2283
8.1864 2.5461 282.3873
8.504 2.8899 282.5222
8.777 3.2549 282.633
8.9343 3.5099 282.6934
9.133 3.9101 282.764
9.3263 4.4254 282.837
9.4163 4.7676 282.8857
9.4591 5.072 282.9292
9.4614 5.2538 282.9553
9.4428 5.4188 282.979
9.4032 5.567 283.0005
9.3756 5.6347 283.0103
9.3427 5.6983 283.0196
9.3046 5.7576 283.0283
9.2612 5.8127 283.0364
9.2126 5.8636 283.044
9.1588 5.9103 283.051
9.0997 5.9528 283.0573
8.9658 6.0252 283.0684
8.811 6.0806 283.0771
8.6352 6.1193 283.0835
8.4384 6.1411 283.0876
8.104 6.1422 283.0894
7.7224 6.1054 283.086
7.1403 5.9974 283.0733
6.4743 5.8219 283.0514
5.5239 5.5079 283.011
3.4035 4.8474 282.9526
1.1126 4.3443 282.9709
-1.8615 3.9484 283.094
-4.2532 3.8001 283.2588
-6.7828 3.7794 283.4857
-13.0165 4.155 284.0729
-16.8521 4.6743 284.3983
-20.5856 5.4116 284.6861
-22.841 6.0329 284.8513
-24.651 6.7175 284.9852
-26.0842 7.4188 285.0922
-27.3771 8.2155 285.1899
-28.3735 8.9742 285.2661
-29.2667 9.803 285.3354
-29.6746 10.2437 285.3675
-30.1784 10.8586 285.4076
-30.727 11.6593 285.4642
-31.0878 12.3162 285.5232
-31.3791 12.9877 285.5945
-31.6008 13.6738 285.6781
-31.7532 14.3744 285.774
-31.836 15.0896 285.8821
-31.8494 15.8193 286.0024
-31.7933 16.5636 286.1351
-31.6254 17.5144 286.3181
-31.349 18.488 286.5203
-31.1311 19.0831 286.6508
-30.7797 19.8893 286.8356
-28.6003 24.0514 287.7194
-27.0044 26.6954 288.1678
-25.1677 29.4123 288.5232
-21.5505 34.1684 289.0622
-17.0247 39.6086 289.7234
-6.9823 51.3288 291.4027
-1.8366 56.9581 292.3617
3.51 61.9656 293.3207
9.3215 66.5888 294.1648
15.8837 71.085 294.7693
22.6816 75.215 295.3634
29.1534 78.7175 296.1969
35.3638 81.6977 296.986
41.3842 84.2709 297.4185
55.0585 89.469 298.1365
70.0799 94.5765 299.5612
83.0298 98.6769 301.2468
95.239 102.8108 302.2217
101.9259 105.1656 302.6861
108.9446 107.642 303.6317
116.1789 110.2466 304.6115
123.4953 112.9869 305.1105
130.4328 115.7256 305.4614
136.4568 118.3029 306.0512
142.0251 120.8789 306.991
147.6739 123.641 308.4095
152.3812 125.778 309.6493
156.1352 127.157 310.4299
160.0811 128.3438 311.082
173.5979 132.1904 312.5475
187.115 136.0611 313.5068
201.4252 139.9148 314.4659
214.6089 143.3341 315.1973
216.9285 143.7806 315.3006
219.5703 144.024 315.4227
224.1448 144.006 315.6419
229.4537 143.5284 315.9041
232.7376 142.9893 316.0654
234.9941 142.3953 316.1698
236.7164 141.764 316.2443
238.0024 141.1516 316.2958
239.1527 140.461 316.3378
239.9752 139.852 316.3645
240.7108 139.1929 316.3851
241.3596 138.4837 316.3995
241.7892 137.9188 316.4063
242.1699 137.3258 316.4096
242.9193 135.8658 316.416
243.7227 133.9143 316.4508
244.3506 131.8822 316.5166
244.8032 129.7696 316.6135
245.0583 127.8241 316.7257
245.1747 125.8149 316.8624
244.9775 119.1446 317.3946
244.1746 111.8944 318.0468
241.8447 96.3321 319.0393
239.4574 80.5248 319.7494
237.4813 65.1618 320.7082
236.3432 49.6136 321.8911
236.2626 41.4357 322.662
236.8236 32.8603 323.5528
238.5289 14.6271 325.6981
240.0153 -4.4565 327.8783
241.6413 -22.9337 329.1306
243.9062 -40.4416 329.8327
245.5966 -49.3064 330.3119
248.0391 -58.5666 330.7914
252.7282 -73.2701 331.5298
257.4393 -87.323 332.4501
262.826 -106.2234 333.6726
267.4506 -124.5647 334.6375
272.1085 -142.6124 335.5966
276.9288 -160.5041 336.119
279.3497 -169.2957 336.0707
281.2172 -177.9417 335.9021
282.2891 -185.4412 335.7286
282.6024 -190.1699 335.6658
282.6281 -194.8647 335.6406
282.3157 -199.5314 335.64
281.57 -204.1815 335.64
280.6787 -207.8235 335.64
279.5186 -211.4554 335.64
276.0975 -219.7449 335.64
271.8148 -228.1608 335.64
267.1557 -236.7057 335.4947
262.8251 -245.3818 334.9919
258.8973 -254.2972 334.37
255.4724 -263.6106 333.9819
250.9317 -278.7617 333.4956
248.5332 -289.3059 332.8014
246.3554 -300.3138 331.8431
244.3169 -311.7552 330.6703
242.1234 -323.6405 329.4458
239.9088 -335.8409 328.2731
237.8656 -347.973 327.2602
235.8782 -359.5218 326.3507
233.8801 -370.0534 325.1198
232.6787 -375.3733 324.5011
230.9653 -381.7508 323.5268
230.1054 -384.444 323.0682
229.4926 -385.8433 322.8259
228.9243 -386.8742 322.6451
228.3036 -387.7823 322.4834
227.7693 -388.4202 322.3679
227.2015 -388.9795 322.2647
226.6002 -389.4602 322.1737
225.9653 -389.8622 322.0949
225.2969 -390.1855 322.0284
224.5949 -390.4303 321.9742
223.8614 -390.5961 321.9319
223.1577 -390.6748 321.8892
222.6684 -390.6743 321.8531
222.2122 -390.6226 321.8136
221.7889 -390.5199 321.7707
221.5251 -390.4229 321.7402
221.276 -390.3033 321.7081
221.0416 -390.161 321.6745
220.8218 -389.9959 321.6393
220.6167 -389.8081 321.6026
220.4263 -389.5976 321.5644
220.1682 -389.2393 321.5042
219.9431 -388.8298 321.4406
219.751 -388.3693 321.3735
219.5463 -387.6757 321.2787
219.4002 -386.8912 321.1777
219.3129 -386.0159 321.0706
219.2947 -383.5579 320.8025
219.5351 -379.5537 320.5235
219.9166 -376.5303 320.4429
220.4707 -373.4896 320.4727
221.6913 -366.6134 320.5727
222.3809 -358.388 320.3205
222.5736 -350.0702 319.8892
222.3427 -343.7341 319.5734
221.6914 -338.6204 319.242
220.6226 -333.4293 318.6718
219.209 -328.1657 318.04
217.5713 -322.8703 317.6456
213.8706 -312.3287 316.9563
209.5971 -301.9074 316.2055
205.0111 -291.49 315.7247
200.6741 -281.0119 315.0391
198.6169 -275.7334 314.4738
196.8617 -270.4514 313.6701
194.1245 -259.879 311.9556
192.2769 -249.3547 310.51
191.3298 -243.3626 309.7907
189.622 -235.2623 309.0714
188.1564 -229.748 308.628
186.7489 -226.0376 308.2765
185.2204 -222.9335 307.9368
184.0094 -220.9131 307.6876
182.6822 -219.0182 307.429
179.973 -215.7937 306.9476
176.4322 -212.2116 306.4385
174.1118 -210.1844 306.1702
171.4639 -208.1425 305.9192
158.7028 -198.5943 304.547
152.4487 -193.0573 303.702
149.1713 -189.7023 303.3339
145.9736 -186.0956 303.0314
140.5536 -179.2857 302.5486
136.8509 -173.8929 302.0691
131.8686 -164.7571 301.3117
127.2353 -155.0324 300.8305
125.0994 -150.0045 300.5081
123.2111 -145.005 299.9495
121.0035 -139.3994 299.1506
117.4128 -131.9977 298.1097
113.2345 -123.7153 296.9923
110.0106 -116.3248 296.1096
109.3813 -114.6926 295.9566
109.174 -114.1703 295.9916
108.9646 -113.6623 296.0973
108.7529 -113.1684 296.2737
108.5391 -112.6887 296.5206
108.3231 -112.2232 296.8381
108.1049 -111.7719 297.2262
107.8845 -111.3348 297.685
107.5499 -110.7057 298.5055
107.2104 -110.1086 299.4849
106.7501 -109.362 301.0379
106.1624 -108.5086 303.3763
105.3169 -107.4628 307.3915
104.3179 -106.4805 313.0394
102.5945 -105.4475 324.0151
101.6609 -105.4473 329.4476
101.1207 -105.7442 332.2663
100.7972 -106.0741 333.7885
100.5737 -106.3909 334.7429
100.3666 -106.7671 335.5366
100.2378 -107.0508 335.9765
100.1162 -107.361 336.3451
100.0019 -107.6976 336.6422
99.895 -108.0606 336.8681
99.8442 -108.252 336.9542
99.7953 -108.45 337.0225
99.7483 -108.6546 337.0729
99.6596 -109.0836 337.1203
99.5782 -109.539 337.0963
99.022 -114.3895 336.4023
98.8423 -118.1208 335.9659
98.8313 -122.5135 335.5322
99.0173 -139.4577 334.0876
98.782 -147.4386 333.4041
98.2244 -153.6665 332.8409
97.377 -158.7538 332.399
96.3074 -163.962 332.077
93.8701 -174.6707 331.5953
91.612 -185.471 330.7231
90.7209 -190.8549 330.0474
90.159 -196.2516 329.4849
89.628 -207.1718 328.7191
89.6613 -218.135 328.2373
90.532 -228.822 327.5631
92.0416 -239.1503 326.7966
93.9927 -249.0844 326.115
96.9603 -262.2486 324.7718
98.7825 -271.2797 323.8556
99.9618 -280.2961 323.0516
101.5651 -297.7823 321.9954
102.7556 -306.1884 321.713
104.7901 -314.5956 321.3186
106.4543 -319.5452 321.0245
107.957 -322.8998 320.7815
109.7043 -326.0036 320.5152
110.7604 -327.5909 320.3602
112.0844 -329.3484 320.1707
121.6864 -340.0821 319.1132
124.279 -343.0791 318.9405
125.449 -344.7744 318.8268
126.3049 -346.2925 318.7131
126.9876 -347.8212 318.5873
127.2639 -348.5894 318.5199
127.5484 -349.5534 318.4314
127.8001 -350.7156 318.3192
127.8842 -351.494 318.2484
127.8786 -352.2756 318.1868
127.7833 -353.0603 318.1343
127.5983 -353.8482 318.0911
127.3236 -354.6391 318.0571
126.9591 -355.4333 318.0323
126.3774 -356.4303 318.0141
125.6555 -357.4323 318.0104
124.7934 -358.4392 318.0211
123.7911 -359.451 318.0461
120.1593 -362.489 318.1639
115.7351 -365.8342 318.2096
110.7879 -369.2512 318.1372
95.9761 -379.0795 317.2847
88.3685 -384.7173 316.6797
84.8975 -387.7272 316.5098
81.2768 -391.2144 316.4191
75.1305 -397.8597 316.3381
70.8481 -403.0279 316.0328
67.9239 -407.2475 315.6667
65.1344 -411.8537 315.6445
62.3827 -416.8228 315.7681
59.5542 -421.9849 315.5513
53.7385 -432.7091 314.7892
48.0725 -443.6402 313.9327
45.4291 -449.1048 313.3251
42.8706 -454.5686 313.0601
37.8725 -465.3638 312.6779
32.8749 -475.981 311.9075
28.0483 -486.5305 311.4184
22.0678 -500.0774 311.1236
18.3022 -509.0826 311.1541
15.631 -517.3686 311.3043
13.9913 -524.8604 311.4387
13.4641 -528.1835 311.3826
13.0785 -531.5843 311.2285
12.834 -537.5611 310.8398
12.9186 -540.8579 310.7113
13.1539 -544.2077 310.6476
14.5733 -557.6993 310.64
15.1801 -565.0708 310.5399
15.5017 -573.4824 310.0921
15.3692 -591.5513 309.0297
15.3251 -597.1247 308.8595
15.622 -599.8053 308.762
16.16 -602.4094 308.6523
16.9391 -604.9368 308.5302
17.5485 -606.4775 308.4477
18.2521 -607.9884 308.3604
20.4409 -611.7692 308.1192
23.5647 -616.5841 307.8274
26.8387 -621.1245 307.5868
29.1197 -623.9083 307.446
30.9132 -625.674 307.303
32.9139 -627.3064 307.1134
35.1218 -628.8053 306.8773
37.818 -630.3144 306.5603
41.9688 -632.1554 306.0409
47.5346 -634.0958 305.4058
53.2967 -635.562 304.8315
70.4322 -638.6418 303.3826
79.4663 -640.3896 302.6953
88.227 -642.5988 302.1236
105.1332 -647.9353 301.5188
113.4466 -650.6839 301.4147
121.7523 -653.0964 300.9734
136.9076 -657.1511 299.7267
140.8998 -658.4005 299.4232
142.6513 -659.1791 299.2899
144.0426 -659.9581 299.1833
145.3022 -660.8285 299.086
146.277 -661.6473 299.0102
147.155 -662.5331 298.9412
147.9362 -663.4861 298.8791
148.4953 -664.3246 298.8342
148.8556 -665.0141 298.8052
149.1379 -665.72 298.7822
149.3422 -666.4423 298.7654
149.4686 -667.181 298.7547
149.5169 -667.9361 298.7502
149.4873 -668.7075 298.7518
149.3797 -669.4954 298.7595
149.1942 -670.2996 298.7733
149.0038 -670.9135 298.7877
148.6817 -671.7465 298.8123
148.0525 -673.0266 298.8607
146.9934 -674.7457 298.9372
145.5929 -676.6191 299.0235
143.7786 -678.6239 299.1194
142.1315 -680.1697 299.1961
140.0706 -681.8469 299.2825
133.33 -686.4529 299.4604
125.4089 -691.6341 299.4084
110.8819 -700.9222 299.1149
101.1987 -706.8717 299.11
90.7652 -713.0068 299.11
79.6783 -719.4277 298.9349
68.3039 -725.6766 298.8099
62.5631 -728.5397 298.9796
56.6332 -731.1079 298.9304
44.5866 -735.6048 298.8092
32.8945 -739.4955 299.1046
21.4767 -742.6261 298.9369
10.2165 -745.0789 298.6355
-0.6524 -746.8043 298.63
-11.2747 -747.7917 298.63
-21.7118 -748.0467 298.63
-26.8508 -747.773 298.63
-32.0697 -747.0714 298.63
-37.8111 -745.8571 298.5443
-45.3866 -743.9032 298.1145
-54.1283 -741.734 297.522
-58.2452 -741.1549 297.3835
-60.0274 -741.0279 297.3637
-61.735 -740.9894 297.3718
-64.4194 -741.12 297.4456
-68.5594 -741.6857 297.6016
-71.6096 -742.3588 297.7179
-74.6126 -743.2451 297.8337
-78.3111 -744.6636 297.9729
-82.0211 -746.4997 298.0749
-84.5084 -747.9635 298.119
-87.007 -749.6189 298.1439
-93.2906 -754.5221 298.15
-99.5951 -760.3189 298.15
-105.9311 -766.9544 298.2051
-112.3396 -774.3078 298.4872
-123.0838 -787.4927 299.0973
-129.8557 -795.9046 298.9422
-136.8548 -804.2431 298.6365
-144.5357 -812.6556 298.63
-152.48 -821.0681 298.63
-160.9263 -829.2369 298.63
-170.3132 -837.0418 298.63
-179.9645 -844.7599 298.63
-189.5878 -852.6077 298.63
-199.4325 -860.5235 298.63
-209.3749 -868.3527 298.63
-219.1581 -876.0462 298.63
-229.2535 -883.6543 298.63
-239.0215 -891.2338 298.63
-248.1352 -898.8543 298.7926
-256.8376 -906.4381 299.1024
-265.2865 -913.4484 298.9482
-273.5514 -919.9614 298.6378
-283.2653 -927.6481 298.63
-289.1605 -932.6739 298.6728
-291.883 -935.5054 298.7796
-294.2073 -938.3919 298.9513
-295.8627 -940.8784 299.1467
-297.002 -942.9784 299.3304
-297.9463 -945.1571 299.5295
-298.6955 -947.4146 299.7442
-299.0866 -948.9633 299.896
-299.3909 -950.5471 300.0546
-299.7053 -953.2644 300.3342
-299.7676 -955.7878 300.584
-299.5785 -958.6734 300.8432
-299.1176 -961.645 301.0833
-298.2966 -965.0133 301.3253
-295.1022 -975.9726 301.8678
-294.6252 -978.6392 301.9329
-294.2705 -981.3379 301.9736
-293.2405 -990.6129 302.0805
-292.3256 -994.411 302.2275
-290.9467 -998.562 302.4672
-287.1448 -1007.066 303.1143
-283.2577 -1014.8035 303.5635
-279.5808 -1021.74 303.7966
-276.7655 -1027.9691 303.9015
-275.529 -1031.3973 303.91
-274.9471 -1033.7009 303.91
-274.5732 -1036.0581 303.91
-274.4354 -1037.7399 303.91
-274.4028 -1039.6942 303.91
-274.5753 -1042.4373 303.9105
-275.0428 -1045.506 303.9455
-275.873 -1048.9217 304.0464
-277.1436 -1052.7062 304.2282
-283.3755 -1067.1929 305.1765
-286.5125 -1075.0412 305.6562
-288.8814 -1083.286 306.1357
-290.0967 -1089.8021 306.4917
-290.5892 -1095.0357 306.7309
-290.6402 -1100.6933 306.9384
-290.1219 -1107.1152 307.1133
-289.2048 -1112.6703 307.2167
-287.8691 -1118.0412 307.271
-286.1022 -1123.248 307.28
-283.6204 -1128.8132 307.28
-280.4831 -1134.4647 307.28
-275.1477 -1142.4866 307.3023
-270.7267 -1148.4771 307.4351
-266.9334 -1152.9455 307.5994
-261.8519 -1158.6608 307.4412
-255.5158 -1165.5274 307.0774
-248.8649 -1171.9979 307.1276
-234.2358 -1184.7755 307.741
-226.5717 -1191.0805 307.76
-222.4227 -1193.7974 307.76
-219.9592 -1195.1663 307.76
-217.1049 -1196.5357 307.76
-212.753 -1198.2027 307.7604
-206.5035 -1200.1797 307.8022
-201.4157 -1201.4777 307.9132
-196.1177 -1202.3187 308.1433
-190.9083 -1202.8467 308.383
-180.2099 -1203.4059 308.5577
-169.2117 -1203.871 308.25
-158.2005 -1204.6821 308.3917
-147.2905 -1205.855 308.8611
-136.6329 -1207.3671 309.0388
-125.9122 -1209.2829 308.7304
-115.0009 -1211.3863 308.72
-104.4742 -1213.584 308.8698
-94.2882 -1215.9442 309.0399
-84.1804 -1218.1403 308.8798
-71.3715 -1220.1818 309.3377
-52.2244 -1222.1261 309.9655
-33.2211 -1223.7359 311.0645
-23.9834 -1224.9754 311.6989
-15.4324 -1226.5414 311.9056
-7.7618 -1228.3777 311.7455
-1.5954 -1230.2146 311.7617
3.0677 -1231.9553 312.0021
6.5969 -1233.3066 312.3718
9.4187 -1234.3235 312.8211
13.3187 -1235.4393 313.1733
18.4323 -1236.6467 313.4623
24.3214 -1237.6485 313.9563
30.9338 -1238.4062 314.6523
38.2903 -1238.9197 315.3716
46.3583 -1239.129 316.0723
54.969 -1238.7463 316.6649
73.6604 -1236.9496 317.9285
90.6265 -1235.7035 319.5405
101.1185 -1235.3758 320.668
111.8281 -1235.0611 321.8069
122.7554 -1234.5282 322.311
133.2183 -1233.6317 322.9335
138.6381 -1232.8784 323.4182
145.9066 -1231.4697 324.0226
164.2297 -1226.8769 325.4486
180.3421 -1221.7181 326.8901
190.8487 -1217.8843 328.0524
201.4869 -1214.0954 328.6992
212.4695 -1210.4124 329.5044
223.6384 -1206.8362 330.1375
235.0409 -1203.6336 331.2233
246.4593 -1201.0268 332.3691
257.7496 -1198.5164 333.015
268.6089 -1196.0664 333.6825
278.9306 -1193.87 333.99
289.1923 -1191.944 334.79
294.8746 -1191.2638 335.028
300.707 -1190.9016 335.1459
311.5972 -1190.849 335.2975
315.1635 -1190.9355 335.4942
315.7746 -1191.0175 335.5518
316.0774 -1191.0901 335.5901
316.2496 -1191.1539 335.6189
316.3383 -1191.2009 335.6381
316.406 -1191.2514 335.6573
316.432 -1191.278 335.6669
316.4528 -1191.3056 335.6765
316.4683 -1191.334 335.6861
316.4787 -1191.3633 335.6956
316.4838 -1191.3935 335.7052
316.4836 -1191.4246 335.7148
316.4782 -1191.4566 335.7244
316.4677 -1191.4895 335.734
316.4518 -1191.5232 335.7436
316.4308 -1191.5579 335.7532
316.4045 -1191.5935 335.7628
316.3362 -1191.6673 335.782
316.247 -1191.7446 335.8011
316.074 -1191.8674 335.8299
315.7701 -1192.0436 335.8683
315.4243 -1192.2374 335.9052
315.281 -1192.3445 335.9214
315.1602 -1192.4585 335.9362
315.0618 -1192.5796 335.9494
314.9859 -1192.7076 335.9611
314.9325 -1192.8426 335.9713
314.9015 -1192.9846 335.9799
314.893 -1193.1335 335.987
314.907 -1193.2895 335.9925
314.9434 -1193.4524 335.9965
315.0022 -1193.6224 335.999
315.0835 -1193.7993 336
315.2476 -1194.0778 335.9985
315.545 -1194.4735 335.9913
315.827 -1194.7887 335.9818
316.1595 -1195.1195 335.9688
320.3159 -1198.2777 335.7579
324.0462 -1201.1001 335.5182
325.8182 -1202.5504 335.3743
326.2186 -1202.964 335.336
326.5822 -1203.4174 335.2976
326.909 -1203.9105 335.2593
327.2657 -1204.5828 335.2113
327.5649 -1205.3172 335.1633
327.8065 -1206.1138 335.1154
327.9584 -1206.7957 335.077
328.0735 -1207.5174 335.0387
328.1864 -1208.876 334.9715
328.1774 -1210.5697 334.8968
327.9935 -1212.5251 334.8474
327.6263 -1214.4935 334.8445
327.1461 -1216.254 334.881
326.4326 -1218.2467 334.9661
325.3117 -1220.6999 335.1333
323.6195 -1223.6604 335.3692
321.5085 -1226.7389 335.5735
318.9785 -1229.936 335.7455
313.0329 -1236.4038 335.9851
306.2171 -1243.2142 336.105
291.414 -1257.3923 336.2545
279.0506 -1270.0463 336.7189
275.069 -1274.7307 336.9293
271.3968 -1279.429 336.9308
264.1424 -1289.2252 336.749
256.5027 -1298.967 336.9313
248.5828 -1308.2384 336.6158
240.4784 -1317.0677 336.7324
232.1381 -1325.7232 337.064
223.7856 -1334.2699 336.9483
215.6436 -1342.5795 336.6163
208.0362 -1350.5321 336.731
200.2392 -1358.121 337.1941
191.7794 -1365.4428 337.5434
182.8615 -1372.5364 337.56
173.6187 -1379.5487 337.6895
164.3601 -1386.5307 338.023
155.0984 -1393.2366 337.7823
150.445 -1396.4517 337.3759
145.6232 -1399.4833 337.243
135.6878 -1405.0146 337.5426
125.9496 -1409.9044 337.6878
120.8502 -1412.1037 337.9226
113.86 -1414.709 338.2772
97.8416 -1419.8883 338.9644
87.2908 -1422.3514 339
76.4594 -1424.3346 339
64.9707 -1425.8341 338.748
59.1069 -1426.3166 338.3531
53.2994 -1426.6416 338.328
41.7276 -1427.0122 338.8377
29.9736 -1427.4089 338.5386
18.3975 -1427.736 338.3954
6.4096 -1427.8608 338.1831
-5.8776 -1428.088 338.2531
-17.8979 -1428.8581 337.4747
-29.3647 -1429.874 337.0993
-40.7192 -1430.5017 336.9571
-51.8145 -1430.7951 336.6196
-62.7035 -1431.2179 336.3556
-68.1804 -1431.6359 335.9372
-75.3245 -1432.7371 335.6797
-85.3258 -1434.9336 335.6578
-89.2058 -1436.0998 335.698
-92.9602 -1437.4409 335.7615
-101.0642 -1441.0751 335.9599
-108.8733 -1445.0126 335.9787
-116.499 -1449.0113 335.7898
-124.2828 -1452.0465 335.6602
-132.3008 -1453.9695 335.6505
-140.5454 -1455.4823 335.7605
-149.0015 -1456.8571 335.9695
-157.5554 -1459.0576 336.0995
-164.7944 -1461.7158 336.1239
-169.633 -1463.9074 336.1597
-174.8227 -1466.6312 336.2398
-183.3028 -1471.8461 336.4385
-190.0277 -1476.307 336.4597
-199.1066 -1482.9317 336.2601
-207.5016 -1489.3578 336.5789
-215.9026 -1495.9579 336.6
-224.2437 -1502.7285 336.6
-232.1925 -1509.7919 336.6
-240.0312 -1517.1867 336.6
-247.6319 -1524.693 336.7171
-255.1106 -1532.089 337.058
-264.2052 -1540.4621 337.1964
-277.1965 -1551.0319 337.5377
-281.5233 -1554.1836 337.5509
-285.7905 -1556.9281 337.4442
-290.3752 -1559.5619 337.2088
-295.1133 -1562.1205 336.7563
-304.7118 -1567.0042 335.7081
-314.0188 -1571.4863 335.5253
-325.1289 -1576.4697 334.9542
-333.1996 -1580.0294 334.4801
-341.3736 -1583.1765 333.7876
-348.6116 -1585.4154 332.9636
-352.6121 -1586.2491 332.5673
-356.8577 -1586.7433 332.2499
-360.445 -1586.8338 332.0682
-363.7025 -1586.6363 331.9432
-366.9661 -1586.1377 331.7561
-369.3451 -1585.5843 331.5763
-371.7287 -1584.8704 331.3598
-375.3128 -1583.4984 330.966
-381.0387 -1580.7244 330.2861
-386.8805 -1577.4568 329.7382
-402.9123 -1567.2362 328.5065
-418.0775 -1557.69 326.746
-428.0655 -1551.4994 325.2764
-438.3903 -1545.3942 324.0609
-448.9205 -1539.3268 323.3101
-459.1991 -1533.6062 321.9202
-469.5065 -1528.1471 320.5924
-479.9986 -1523.0047 319.7192
-489.7471 -1518.4424 318.8822
-499.1728 -1514.3264 317.3613
-510.8978 -1510.1361 316.5869
-519.6025 -1507.3854 315.9255
-528.8355 -1505.0551 315.3081
-538.3471 -1503.3822 314.7886
-550.2364 -1502.1461 314.1059
-564.7628 -1501.3115 313.2123
-577.6319 -1501.2325 312.4538
-587.7289 -1502.0021 311.9114
-596.8867 -1503.4828 311.3279
-605.3029 -1505.5503 310.6846
-609.6934 -1507.0182 310.4506
-613.9609 -1508.7585 310.3461
-619.3559 -1511.4451 310.4047
-624.4285 -1514.3938 310.4539
-630.0001 -1517.9678 310.2912
-645.4358 -1528.917 309.172
-655.4557 -1535.9061 308.6397
-664.7392 -1542.8562 308.1602
-673.8007 -1549.8341 307.7869
-682.4176 -1556.6927 307.76
-691.9769 -1565.1327 307.8656
-702.3085 -1575.3582 308.3179
-706.8487 -1580.3282 308.5702
-711.6804 -1586.7831 309.0073
-716.518 -1594.4428 309.6105
-718.4846 -1598.433 309.9027
-719.6543 -1601.4038 310.1006
-720.6044 -1604.4327 310.2862
-721.4834 -1608.3004 310.501
-722.4012 -1616.2096 310.922
-722.7857 -1624.0449 311.4837
-722.599 -1633.7027 312.3913
-721.7486 -1643.3179 313.3533
-720.2557 -1652.9192 314.307
-718.0619 -1662.4094 315.1683
-715.1303 -1671.7458 315.9158
-713.3806 -1676.1224 316.261
-711.2047 -1680.7685 316.635
-706.3109 -1689.3353 317.3485
-702.0702 -1696.1259 317.9705
-696.1611 -1705.0528 318.9602
-690.7782 -1713.8215 319.9265
-688.3219 -1718.4355 320.4179
-685.4936 -1724.7303 321.0904
-681.4744 -1735.2489 322.2038
-680.5225 -1738.4556 322.5179
-679.642 -1742.0181 322.8486
-678.5271 -1748.4291 323.3957
-678.0253 -1754.3541 323.8823
-677.9669 -1760.7046 324.4178
-678.7298 -1771.3038 325.3422
-680.0093 -1779.996 326.2075
-680.9368 -1783.8367 326.6704
-681.6509 -1786.4899 326.9928
-682.0013 -1788.7132 327.1809
-682.1603 -1790.5914 327.2948
-682.2201 -1792.5998 327.3803
-682.0417 -1797.0074 327.4662
-681.3998 -1802.2282 327.5142
-680.8142 -1805.0913 327.6141
-680.0887 -1807.6285 327.7716
-679.3162 -1809.6332 327.9625
-678.6371 -1811.0098 328.1431
-678.2059 -1811.7205 328.2559
-677.8252 -1812.2045 328.3355
-677.3915 -1812.6451 328.4101
-676.9047 -1813.0424 328.4794
-676.3649 -1813.3963 328.5436
-675.7721 -1813.7068 328.6025
-674.8991 -1814.0534 328.6732
-673.9318 -1814.3229 328.7346
-673.1445 -1814.4745 328.7746
-672.0121 -1814.6091 328.8199
-670.1368 -1814.6665 328.8706
-667.6808 -1814.5142 328.9036
-664.5893 -1814.056 328.9121
-662.452 -1813.5414 328.9266
-660.8589 -1813.0056 328.9491
-659.4366 -1812.3726 328.9813
-658.4218 -1811.7962 329.014
-657.5163 -1811.1575 329.0527
-657.1046 -1810.8149 329.0744
-656.5382 -1810.2717 329.1098
-656.0334 -1809.6936 329.1487
-655.5901 -1809.0804 329.191
-655.2082 -1808.4323 329.2367
-654.8879 -1807.7491 329.2859
-654.6291 -1807.031 329.3386
-654.3198 -1805.7677 329.4325
-653.6103 -1802.0211 329.6923
-653.1291 -1798.4166 329.9088
-652.2147 -1786.7328 330.6173
-651.1126 -1780.3191 331.2706
-649.3458 -1773.2458 331.8958
-643.808 -1756.9568 332.9863
-637.082 -1740.3474 334.4012
-632.3344 -1729.9865 335.6443
-627.6165 -1720.1731 336.2841
-624.9931 -1715.3916 336.7322
-624.1195 -1714.15 336.8856
-623.455 -1713.3697 337.0007
-622.895 -1712.8183 337.0966
-622.2156 -1712.2752 337.2117
-621.7583 -1711.985 337.2884
-621.2973 -1711.7523 337.3651
-620.8328 -1711.5771 337.4419
-620.3647 -1711.4594 337.5186
-619.3005 -1711.2467 337.6912
-618.8239 -1711.0768 337.7679
-618.225 -1710.7933 337.8638
-617.6227 -1710.4306 337.9597
-617.017 -1709.9887 338.0556
-616.2857 -1709.354 338.1707
-615.3029 -1708.3305 338.3242
-612.679 -1704.889 338.727
-609.977 -1701.4497 339.1298
-606.5864 -1697.5489 339.6137
-601.6894 -1692.8377 340.1873
-594.8414 -1686.9931 340.883
-587.2444 -1681.3667 341.6973
-579.9922 -1676.8479 342.548
-575.65 -1674.6327 343.0467
-570.7018 -1672.5552 343.5837
-563.9253 -1670.3537 344.2743
-557.6238 -1668.8219 344.888
-551.1931 -1667.6686 345.5018
-540.9805 -1666.6071 346.4527
-532.4551 -1666.0994 347.2293
-520.6069 -1666.1178 348.256
-508.9442 -1666.8502 349.2223
-497.7762 -1668.3572 350.0877
-486.4235 -1670.533 350.6946
-475.5106 -1673.3915 351.5263
-470.3345 -1675.171 351.7998
-465.4484 -1677.2989 352.0396
-461.5924 -1679.3956 352.2414
-458.842 -1681.2965 352.4003
-455.4815 -1684.0682 352.6123
-449.2591 -1690.0587 353.0385
-445.9206 -1693.8339 353.2879
-442.8347 -1697.849 353.5372
-437.5889 -1706.2231 354.0132
-432.7675 -1714.9612 354.4037
-424.2978 -1731.0861 355.0119
-418.3901 -1740.7385 355.8516
-412.2678 -1749.5745 356.4584
-405.8608 -1758.3191 357.3824
-399.3441 -1767.152 358.3414
-392.5842 -1775.9792 359.2097
-386.0998 -1784.6451 359.8153
-382.7989 -1788.7517 360.2621
-381.7225 -1789.8061 360.4087
-380.3417 -1790.9281 360.5877
-379.3972 -1791.5844 360.7058
-378.3899 -1792.2061 360.8287
-372.4467 -1794.8351 361.5152
-365.8888 -1797.69 362.3231
-355.7783 -1802.6276 363.6828
-354.079 -1803.2147 363.89
-352.0735 -1803.7851 364.1229
-348.8719 -1804.4324 364.4694
-345.6105 -1804.7767 364.7923
-341.7223 -1804.8377 365.1438
-339.6209 -1804.7231 365.3197
-337.2128 -1804.4657 365.5092
-332.9816 -1803.691 365.8113
-328.46 -1802.419 366.1105
-325.5232 -1801.3491 366.3301
-322.3719 -1799.9704 366.5937
-318.2083 -1797.7498 366.9906
-313.624 -1794.8138 367.4777
-308.781 -1791.3741 367.9956
-295.1811 -1780.2988 369.3457
-282.172 -1769.128 370.2555
-273.9097 -1762.3313 370.7796
-265.4298 -1756.1807 371.3475
-256.1492 -1750.2235 372.1816
-246.5688 -1744.4655 372.8729
-237.1818 -1738.851 374.1488
-227.1797 -1733.1946 375.146
-217.3646 -1727.7415 376.0189
-207.3177 -1722.3695 376.6229
-197.2402 -1717.0647 377.5449
-187.5019 -1711.8191 378.5113
-177.9412 -1706.557 379.3862
-168.6376 -1701.2097 380.1591
-159.2833 -1695.8413 381.7053
-149.7589 -1690.1672 382.3041
-140.8603 -1684.1627 382.9513
-132.1745 -1677.8704 384.2277
-124.1633 -1671.4719 385.0681
-116.6136 -1664.7941 385.233
-109.0365 -1657.3846 385.5891
-101.5552 -1649.0953 385.63
-94.5504 -1640.1715 385.5479
-87.901 -1630.9544 385.108
-83.9052 -1625.4123 384.8073
-82.0964 -1623.4947 384.6828
-79.9067 -1621.5204 384.5395
-72.8115 -1616.3395 384.1074
-65.5006 -1610.9259 383.9464
-60.0881 -1606.2487 384.1814
-56.4924 -1603.1666 384.412
-52.184 -1600.0296 384.5757
-43.9962 -1595.1921 384.66
-36.5248 -1591.3872 384.66
-30.8449 -1588.9034 384.6585
-25.6627 -1587.0213 384.5796
-14.7007 -1583.7786 384.2228
-3.2505 -1580.9548 384.18
8.5032 -1578.7668 384.18
19.9023 -1577.4746 384.1007
30.8848 -1577.0087 383.7436
41.5688 -1577.278 383.6212
52.0885 -1577.852 383.1855
64.1966 -1578.2396 382.706
82.9377 -1577.8697 382.3044
89.2726 -1577.2474 382.2588
94.5086 -1576.3636 382.1823
104.7367 -1573.9557 381.8248
115.3738 -1570.9116 381.78
126.3021 -1567.0297 381.7032
137.2529 -1562.3533 381.2689
148.1263 -1557.0656 380.7894
158.754 -1551.5656 380.3859
169.7352 -1545.9784 380.2642
180.613 -1540.0476 379.9063
191.2154 -1533.8688 379.86
202.1234 -1527.6419 379.7101
213.1421 -1521.5795 379.0685
224.0212 -1515.6601 379.2585
234.5073 -1509.8591 378.8732
244.6154 -1504.0756 378.3937
249.6039 -1501.0806 378.1547
267.8922 -1487.3286 377.9878
343.7492 -1427.7055 377.2785
354.4688 -1418.9996 376.3667
356.2622 -1417.4689 375.9764
356.9178 -1416.8743 375.722
359.3038 -1414.6185 374.7395
361.8394 -1412.1538 373.9719
366.2801 -1407.6615 373.346
370.6749 -1403.0517 373.1784
380.225 -1392.6728 373.13
393.3479 -1378.0604 372.9855
405.3837 -1364.2128 372.1962
414.2289 -1353.5956 371.6676
422.6402 -1343.3208 371.1881
431.3758 -1333.3646 370.6358
440.1115 -1323.7223 369.861
448.7181 -1314.5823 369.6893
457.814 -1306.122 369.3304
466.7271 -1297.9594 369.28
475.8654 -1290.1778 369.28
484.7215 -1282.706 369.1407
493.528 -1275.017 368.3532
502.2014 -1266.871 367.8224
506.2494 -1262.4976 367.5826
510.0887 -1257.9072 367.3429
517.226 -1248.1521 366.932
523.9428 -1238.0541 366.88
530.5014 -1227.9885 366.8119
536.4661 -1218.3119 366.4526
542.3285 -1208.935 366.3324
549.1155 -1199.1372 365.9058
558.6659 -1184.8121 365.3592
562.8553 -1177.7583 364.898
563.5884 -1176.0999 364.805
564.3046 -1173.9588 364.7227
564.7246 -1172.2934 364.6811
565.0681 -1170.5146 364.6539
565.526 -1166.6169 364.6427
565.6721 -1161.3411 364.705
565.4471 -1157.2306 364.7854
565.008 -1154.3375 364.8379
564.4464 -1152.0768 364.8755
563.7138 -1150.0184 364.9062
562.9728 -1148.4576 364.9265
562.1131 -1147.0372 364.942
561.3398 -1146.0021 364.951
560.4906 -1145.0568 364.9569
559.5654 -1144.2015 364.9597
556.0254 -1141.5521 364.9745
552.3161 -1139.07 365.0263
545.2849 -1135.0358 365.2121
537.499 -1131.1177 365.4518
525.3929 -1125.6017 365.7979
522.2916 -1124.5357 365.9181
519.0944 -1123.63 366.0629
508.4872 -1121.8306 366.6733
497.9685 -1120.2482 367.3926
488.3929 -1117.7589 368.1117
479.3729 -1115.2197 368.7658
470.2261 -1113.2851 369.2959
469.14 -1113.0748 369.2348
467.6343 -1112.7641 368.9975
466.0629 -1112.4187 368.5822
464.0061 -1111.9382 367.8127
462.2868 -1111.5148 366.9969
460.5017 -1111.0567 366.003
456.7342 -1110.0364 363.4813
451.655 -1108.566 359.3279
443.9887 -1106.0205 351.914
440.9912 -1104.5986 348.7703
439.8216 -1103.875 347.4655
438.6682 -1102.9586 346.0848
438.1408 -1102.4025 345.3899
437.7369 -1101.8416 344.7951
437.5362 -1101.465 344.4542
437.3903 -1101.0863 344.1578
437.2993 -1100.7055 343.9059
437.2632 -1100.3226 343.6986
437.2819 -1099.9376 343.5357
437.3556 -1099.5505 343.4173
437.484 -1099.1612 343.3434
437.6674 -1098.7699 343.314
437.9056 -1098.3764 343.3292
438.3314 -1097.8105 343.3875
438.8097 -1097.2979 343.4476
439.3406 -1096.8386 343.5095
439.924 -1096.4327 343.573
440.5599 -1096.0801 343.6383
441.2484 -1095.7808 343.7053
442.2481 -1095.4647 343.7973
443.3413 -1095.2435 343.8924
444.839 -1095.1003 344.0156
446.4827 -1095.1053 344.1435
448.6478 -1095.3068 344.3034
451.8616 -1095.9074 344.5273
457.6293 -1097.0232 344.9492
463.8736 -1097.7828 345.4682
477.2202 -1098.2432 346.7393
491.7798 -1098.5621 348.2431
522.2091 -1100.53 351.5512
536.4119 -1099.6849 353.2305
549.9551 -1098.1568 354.7196
576.115 -1095.0609 356.7516
592.5372 -1091.8798 357.7142
597.3788 -1090.5148 358.0308
602.8069 -1088.653 358.4372
616.6009 -1082.4101 359.7047
629.3265 -1075.7129 361.019
639.722 -1070.2114 362.0963
648.4452 -1064.5841 363.0591
652.8631 -1060.8485 363.5971
656.6645 -1057.0024 364.0954
659.6356 -1053.4127 364.5005
662.6092 -1049.1161 364.916
665.5155 -1044.0133 365.335
669.015 -1036.2664 365.8776
672.2523 -1028.3082 366.5985
675.8861 -1018.6449 367.8631
680.0465 -1009.1991 368.9926
684.0874 -1002.1256 369.4351
688.3942 -995.7814 369.6013
690.7683 -992.8035 369.6576
693.2862 -989.9776 369.7016
697.6843 -985.71 369.7469
702.4617 -981.8444 369.7598
707.1781 -978.6588 369.743
712.1672 -975.8588 369.6987
723.4373 -971.2636 369.5176
734.9486 -967.5523 369.3389
757.1866 -960.244 369.0975
783.188 -952.2573 367.9576
803.6595 -946.3391 367.1782
813.1929 -942.8747 366.3981
823.2434 -938.2135 365.439
846.0548 -924.7507 363.4598
857.1948 -918.5712 362.3174
868.5994 -913.0111 361.1745
893.5565 -903.1886 359.2542
908.3102 -897.7717 358.2787
911.165 -896.2273 358.0346
914.0637 -894.2936 357.7422
917.501 -891.5454 357.3397
922.0081 -887.2335 356.7254
927.6511 -880.7736 355.8267
935.531 -869.9521 354.3856
938.3201 -865.5117 353.8476
940.672 -861.3066 353.3754
943.0535 -856.2458 352.8652
944.5635 -852.0737 352.5032
946.1634 -844.4138 351.9856
947.7454 -835.6875 351.3906
950.5123 -821.2186 350.3145
954.2304 -807.0713 349.2898
956.7168 -800.7826 348.8979
959.1161 -796.0321 348.6417
962.0902 -791.2835 348.4417
964.0294 -788.6115 348.3637
966.1196 -786.0106 348.3144
970.4017 -781.3688 348.2984
975.2065 -776.9714 348.3819
977.8558 -774.9316 348.569
982.8415 -771.6778 349.2507
989.0414 -768.1914 350.414
1012.6341 -757.2855 356.1715
1034.9355 -747.983 362.1188
1044.6153 -743.8813 364.4895
1046.1297 -743.2744 364.6748
1047.8429 -742.7119 364.7774
1052.0501 -741.6829 364.7252
1057.464 -740.7706 364.4855
1064.4603 -739.8918 364.2458
1072.7507 -739.2824 364.1771
1082.0186 -739.2018 364.4676
1090.6827 -739.5074 364.8902
1096.9912 -740.041 365.1932
1102.1612 -740.7495 365.3765
1113.0253 -742.4753 365.4963
1123.6554 -744.3911 365.9681
1134.6539 -746.7401 366.6956
1145.9887 -749.1809 366.5768
1149.041 -749.4693 366.5171
1150.5684 -749.5047 366.4918
1152.4786 -749.447 366.4645
1155.5376 -749.1191 366.4309
1158.5995 -748.5011 366.4095
1162.0479 -747.4591 366.4001
1166.771 -745.9544 366.4139
1168.7464 -745.5094 366.4312
1170.5921 -745.2231 366.4554
1172.5815 -745.0896 366.4923
1174.1462 -745.1472 366.5315
1175.3511 -745.3164 366.5694
1176.2502 -745.5312 366.6031
1179.1343 -746.6382 366.7263
1182.032 -747.8561 366.815
1192.7696 -752.9112 366.88
1204.1287 -759.2603 366.9347
1215.2131 -765.8775 367.2942
1225.8703 -772.8916 367.3058
1236.1705 -780.2577 367.0543
1246.0453 -787.9302 367.7607
1250.8179 -791.9312 368.0668
1255.431 -796.0369 368.1461
1264.0437 -804.5005 367.6008
1268.1537 -808.8403 367.8128
1272.1655 -813.2337 368.2384
1279.9281 -822.117 368.7324
1287.2628 -831.0448 368.7474
1294.8008 -840.3017 368.2308
1301.9351 -848.1354 367.4518
1303.4111 -849.4217 367.2984
1304.8809 -850.4734 367.1587
1305.6135 -850.9114 367.0941
1306.3446 -851.2907 367.0329
1307.317 -851.7053 366.9566
1308.2867 -852.0156 366.8865
1309.2536 -852.2217 366.8225
1310.2178 -852.3236 366.7647
1311.1793 -852.3213 366.713
1314.7713 -851.6011 366.5539
1318.3881 -850.6931 366.3647
1327.4099 -848.173 365.7638
1328.8419 -847.6228 365.7096
1330.4874 -846.8978 365.6812
1333.2453 -845.4464 365.72
1335.9235 -843.7317 365.8691
1338.2701 -841.9389 366.0706
1339.6589 -840.7016 366.1892
1341.1438 -839.1964 366.3133
1343.0075 -836.968 366.4638
1344.6651 -834.5557 366.5911
1345.8535 -832.4533 366.6813
1346.6039 -830.7768 366.7587
1347.1152 -829.3171 366.8325
1347.5048 -827.8363 366.9132
1347.8055 -826.0822 367.0161
1347.9404 -824.2995 367.1283
1347.9097 -822.4882 367.25
1347.6355 -820.1183 367.4192
1347.1473 -817.4444 367.611
1346.5033 -814.7317 367.8029
1344.8502 -809.4708 368.1673
1343.1879 -805.2703 368.4408
1341.3755 -801.1406 368.6093
1338.576 -795.5585 368.5781
1335.8336 -790.5248 368.4914
1330.5119 -780.0224 369.1896
1324.4668 -768.6686 369.7395
1315.6371 -754.9225 370.169
1308.951 -744.9964 370.1903
1302.5166 -735.4743 369.7324
1295.7429 -725.6637 368.9435
1289.1895 -715.8312 368.7509
1282.3722 -706.1666 368.3923
1275.5234 -696.6269 368.2713
1268.9345 -687.0405 367.9128
1262.5232 -677.4091 367.84
1256.4226 -668.3392 367.792
1249.9755 -659.8666 367.4814
1242.5765 -650.4367 367.6234
1233.3589 -639.3724 366.6224
1229.1492 -635.2532 366.4134
1226.2478 -632.8066 366.3901
1222.982 -630.5458 366.3057
1220.2446 -629.0161 366.1761
1217.3961 -627.7344 365.9913
1213.5065 -626.4698 365.7047
1206.8588 -624.8927 365.2598
1162.8372 -616.7441 362.456
1150.388 -614.1012 361.4388
1144.6127 -612.3705 360.8091
1133.4586 -608.7593 360.1329
1122.0435 -605.2238 359.2033
1110.6068 -602.2285 357.9322
1099.5047 -599.5249 357.3006
1088.5145 -596.7557 356.8211
1081.6076 -594.8824 356.5075
1079.993 -594.2095 356.4111
1078.0716 -593.2421 356.2801
1075.8435 -591.9804 356.1145
1063.2586 -583.5543 355.0514
1049.4131 -573.4775 353.7942
1038.7078 -565.701 352.8048
1037.2912 -564.3373 352.7004
1035.8601 -562.7268 352.6148
1033.5817 -559.6973 352.5182
1029.5644 -553.0398 352.4598
1025.7608 -546.0433 352.4154
1021.1907 -537.3287 352.1728
1020.5909 -535.7539 352.1299
1020.3104 -534.826 352.1138
1020.0234 -533.6375 352.1023
1019.7113 -531.6698 352.1039
1019.5803 -529.6207 352.13
1019.6492 -527.2182 352.1886
1020.0274 -524.1624 352.2917
1020.41 -522.1812 352.3589
1020.9012 -520.1736 352.426
1023.5411 -512.7892 352.6657
1027.046 -505.1371 352.8175
1034.0134 -489.0724 352.5388
1040.6785 -470.8309 352.46
1044.6471 -458.8279 352.4166
1048.229 -448.4933 352.0596
1051.6877 -438.1573 351.937
1055.6265 -427.4846 351.5801
1059.4 -416.4713 351.4574
1063.4666 -405.2274 351.1007
1067.9016 -394.209 351.02
1072.3449 -383.324 351.02
1078.7874 -371.4801 351.02
1084.5331 -360.0287 351.02
1090.1799 -348.9517 351.02
1095.2715 -338.2102 351.0611
1099.8236 -327.4281 351.4583
1103.6523 -316.9714 351.897
1107.4813 -307.0011 352.1017
1109.6288 -301.9493 352.577
1114.5605 -285.5316 353.008
1143.4585 -175.4902 351.7549
1150.4086 -155.3365 351.3653
1152.8937 -149.8665 351.2213
1154.386 -147.2755 351.1329
1155.4188 -145.8866 351.0707
1158.6928 -143.0833 350.8652
1161.5851 -140.5845 350.6682
1164.2215 -138.0156 350.4608
1165.2813 -136.7701 350.357
1166.4449 -135.1917 350.2197
1166.981 -134.6604 350.1718
1167.3452 -134.3465 350.143
1167.8802 -133.9336 350.1046
1168.9525 -133.2267 350.0375
1170.5858 -132.3468 349.9512
1174.4316 -130.7744 349.786
1178.5656 -129.3193 349.5451
1190.3508 -125.7382 348.3473
1196.0081 -124.3876 347.9403
1201.611 -123.3245 347.6961
1213.2308 -121.949 347.2166
1224.7325 -121.5146 346.6595
1236.2549 -121.8798 345.4311
1248.3384 -123.1969 344.386
1259.6048 -125.4091 343.3888
1270.6069 -127.8658 342.0361
1281.3566 -130.5744 340.5902
1286.6714 -132.088 339.8691
1292.0743 -133.8405 339.2627
1297.8079 -136.087 339.0079
1303.809 -138.6994 338.8877
1316.1126 -144.0795 337.8244
1328.455 -149.1411 337.4859
1341.0529 -154.4256 336.7037
1352.479 -160.0879 335.7447
1363.9429 -166.221 334.8221
1375.7171 -172.4279 334.2162
1383.1807 -175.9371 333.6488
1384.6422 -176.4457 333.5133
1385.4665 -176.6655 333.436
1386.4859 -176.8678 333.3395
1387.6929 -177.0042 333.2237
1388.8823 -177.0247 333.1081
1390.054 -176.9292 332.9926
1391.2081 -176.7177 332.8773
1392.3444 -176.3904 332.7622
1394.1517 -175.8561 332.5828
1395.274 -175.6202 332.4765
1396.7326 -175.3951 332.3426
1400.0161 -175.1346 332.0541
1405.5037 -175.1987 331.5982
1409.0319 -175.4824 331.3107
1412.7859 -176.0264 330.9943
1417.3603 -177.0708 330.5915
1421.4039 -178.3938 330.2174
1423.2086 -179.1214 330.0084
1424.1134 -179.5213 329.7617
1425.0241 -179.9474 329.3871
1425.9407 -180.3996 328.8848
1427.172 -181.0432 328.0163
1428.4137 -181.7334 326.9206
1429.9805 -182.6615 325.2314
1431.8822 -183.8711 322.7359
1434.4545 -185.6467 318.6133
1438.3911 -188.6588 310.7261
1441.2554 -190.924 304.7062
1444.1645 -193.1158 299.439
1446.2845 -194.6229 296.3029
1447.5159 -195.4535 294.8292
1448.4492 -196.0565 293.9196
1449.119 -196.4728 293.3946
1449.7629 -196.8583 293.0042
1450.1777 -197.0981 292.8188
1450.581 -197.3243 292.6933
1450.9728 -197.5368 292.6276
1451.3532 -197.7357 292.6216
1453.0435 -198.6635 292.7079
1454.923 -199.8277 292.8038
1459.6285 -203.3518 293.0436
1464.4387 -207.5543 293.2483
1475.1279 -216.6511 293.3748
1487.4882 -226.7742 293.797
1496.3086 -234.2266 294.6637
1504.356 -241.5206 295.5885
1512.8329 -249.4465 296.195
1519.2921 -255.6244 296.7968
1520.9493 -257.6415 296.9536
1522.9432 -260.3577 297.1294
1544.4701 -295.0742 298.8004
1551.6012 -305.7718 299.4399
1553.8135 -308.3744 299.6996
1555.8241 -310.5951 299.9489
1563.5328 -319.0615 300.8412
1571.6146 -327.0582 301.1296
1575.6765 -330.7795 301.5767
1579.7541 -334.2704 302.251
1583.9617 -337.4597 302.8215
1588.3205 -340.3855 303.2722
1592.87 -343.1524 303.6032
1597.6425 -345.7744 303.8804
1602.7151 -348.2739 304.2715
1608.0691 -350.6387 304.7836
1619.4139 -354.8909 306.0959
1631.2291 -358.8593 307.2476
1642.8376 -362.8117 309.2917
1654.6487 -366.4299 310.8604
1666.2397 -369.408 311.598
1678.0747 -371.9959 312.849
1690.9908 -374.0117 314.2271
1703.8436 -375.1529 314.9338
1717.193 -375.3359 315.8253
1730.3963 -374.4821 317.1652
1743.5719 -372.6844 318.5433
1758.0693 -369.7374 319.2895
1787.0671 -366.1339 320.4705
1796.5121 -364.4867 320.861
1800.2052 -363.433 321.0155
1803.3723 -362.3823 321.1498
1814.4277 -358.6839 321.6891
1825.3643 -355.14 322.8374
1835.9285 -351.4986 323.1991
1840.9519 -349.4665 323.487
1845.7445 -347.1976 323.9264
1849.6885 -344.8779 324.2282
1852.0625 -343.2402 324.3743
1854.3369 -341.4805 324.5366
1857.8629 -338.3278 324.8848
1859.74 -336.4028 325.1242
1861.6682 -334.2361 325.3648
1865.1138 -329.8066 325.7228
1866.4202 -327.8504 325.8396
1867.8256 -325.175 326.0336
1869.5638 -320.9351 326.3932
1871.5088 -314.9268 326.9583
1873.2795 -308.3782 327.5943
1874.7579 -301.2336 328.2698
1875.3467 -295.7916 328.7895
1876.1363 -284.766 330.0399
1876.2549 -278.989 330.3323
1876.1498 -271.9935 330.4628
1875.4036 -246.9539 331.91
1875.403 -230.8945 333.1055
1875.3315 -217.6383 334.3916
1875.127 -210.7966 334.8303
1875.1093 -203.9276 335.1101
1875.5338 -200.3718 335.2932
1876.651 -195.4693 335.6002
1878.0315 -190.3178 335.9642
1879.1077 -183.5692 336.4437
1879.5445 -176.8733 336.9232
1880.5786 -163.8239 337.8552
1882.0372 -151.2307 338.4944
1883.9433 -138.9584 339.721
1886.366 -127.1228 341.1137
1888.0686 -121.4479 341.5558
1890.1463 -115.9209 341.8356
1894.9908 -104.9558 342.6874
1900.6671 -93.8063 343.6204
1906.4603 -82.4272 344.2596
1912.2306 -70.6965 345.4303
1918.072 -58.6684 346.1524
1923.8622 -46.4377 347.054
1929.7015 -34.2198 348.7104
1935.4703 -22.1601 349.9158
1940.9684 -10.0905 351.1946
1946.3144 2.1453 351.9192
1951.69 14.5423 352.7678
1956.9381 27.0382 353.7268
1958.6176 29.9604 353.9762
1961.3112 33.6335 354.3214
1964.2827 37.3909 354.6864
1966.0496 40.2479 354.9369
1968.1278 44.5996 355.2848
1970.0019 49.4916 355.6526
1974.6385 62.0831 356.6139
1979.1796 73.9351 357.5491
1984.0422 85.0543 358.2597
1988.0848 92.4094 359.176
1993.1571 100.7898 360.4787
1997.2774 106.983 361.377
2000.5091 111.1473 361.8905
2007.2191 118.7589 362.8334
2014.5455 126.0695 363.4522
2022.3807 133.6236 364.2512
2029.0128 138.9838 364.476
2031.8019 141.1829 364.4919
2032.6881 142.0391 364.5113
2033.6787 143.1548 364.5485
2034.5391 144.3211 364.6001
2035.2693 145.5378 364.6661
2035.8694 146.8051 364.7464
2036.3392 148.1229 364.8411
2036.6788 149.4913 364.9501
2036.9782 152.9759 365.2677
2037.064 156.862 365.5975
2037.3207 164.3771 366.0495
2037.2373 171.8626 366.3522
2036.848 173.8971 366.4699
2036.2763 175.9005 366.6064
2035.3995 178.1522 366.7853
2034.2844 180.3633 366.9888
2032.5907 183.0827 367.2722
2030.7489 185.8179 367.56
2023.1243 195.874 368.5956
2021.5025 197.7216 368.7906
2019.8834 199.3647 368.9763
2017.8058 201.1767 369.2012
2015.9629 202.5036 369.388
2014.3534 203.4455 369.5415
2011.3762 204.667 369.8016
2008.6195 205.8731 370.0297
2007.0881 206.7887 370.1544
2005.8512 207.6983 370.2536
2004.7106 208.709 370.3436
2002.7167 211.0327 370.4963
2000.8698 213.5545 370.6547
1997.5056 218.1753 371.0291
1993.8129 222.8406 371.4994
1991.7838 224.7762 371.7104
1987.6304 227.9218 372.0749
1982.9255 231.1686 372.4368
1980.9368 232.9502 372.5902
1979.3715 234.6501 372.7119
1978.1586 236.2379 372.807
1976.7559 238.5347 372.9178
1975.3677 241.0971 373.0122
1971.6245 248.9298 373.1302
1971.0362 250.5608 373.1421
1970.5767 252.3309 373.1728
1970.2092 254.5243 373.2308
1969.9863 257.5215 373.3379
1970.176 262.9078 373.5889
1970.5296 268.4132 373.8743
1970.4291 272.6782 374.0842
1970.0802 275.6658 374.2227
1969.4329 278.5643 374.3473
1968.6789 281.537 374.4512
1966.505 292.6513 374.591
1965.0215 298.6669 374.7537
1964.3882 300.6705 374.8459
1963.3774 303.0868 374.9513
1961.3707 306.8431 375.0952
1958.2198 311.744 375.2582
1954.3638 317.0496 375.4309
1950.2226 322.0486 375.6419
1947.9297 324.3581 375.776
1946.5142 325.4739 375.8321
1944.5384 326.7863 375.8693
1932.907 333.0776 375.8491
1916.5283 341.0161 375.6301
1906.4765 346.4769 375.4095
1903.397 348.6121 375.2848
1900.9743 350.5197 375.1303
1896.4773 353.6877 374.7611
1891.78 356.5728 374.3122
1886.9638 359.276 373.962
1882.0249 361.7785 373.7115
1876.9026 363.9415 373.4718
1871.6036 365.7486 373.1725
1866.1899 367.2005 372.5464
1860.6865 368.3639 371.6791
1855.1729 369.5409 371.1057
1849.6723 370.7687 370.7935
1838.8955 373.3319 369.6124
1833.5794 374.4069 369.0189
1828.2891 375.2379 368.5665
1823.0043 375.7872 368.3426
1817.7183 376.0472 368.2626
1812.4103 376.005 367.8798
1807.0687 375.6831 367.2328
1796.1289 374.6135 366.4865
1790.3961 374.2293 366.1197
1784.4731 374.1214 365.633
1778.5235 374.4927 365.0267
1772.5859 375.3517 364.3563
1766.7443 376.611 363.8903
1760.9802 378.2043 363.5711
1749.2138 381.5027 362.0586
1743.0463 382.8372 361.3495
1736.6916 383.8505 360.8456
1730.4389 384.6337 360.3661
1724.3486 385.1716 359.8143
1718.5258 385.3265 358.8322
1712.6468 385.2075 357.5144
1706.7063 385.3671 356.7266
1701.4213 385.6763 356.337
1696.1604 386.3333 356.0304
1693.7879 386.9327 355.8493
1692.2082 387.4964 355.7053
1690.7996 388.1579 355.5543
1689.7565 388.7839 355.4231
1688.8323 389.4778 355.2869
1687.3093 391.0513 355.0025
1685.8783 392.6725 354.7296
1678.6519 400.6802 353.658
1675.2256 404.9779 353.3032
1672.0299 409.6128 353.0333
1668.6908 415.3965 352.5997
1667.6366 417.4931 352.4134
1666.6181 419.8964 352.2024
1665.6484 422.8864 351.953
1664.7242 427.2942 351.6078
1664.1458 432.1695 351.2605
1662.7745 444.5072 350.6011
1662.1862 450.4547 349.9901
1661.6898 456.3327 349.104
1660.9524 468.545 347.879
1660.4698 471.5139 347.628
1659.8129 474.0823 347.397
1659.0326 476.2915 347.1857
1658.4163 477.6663 347.0442
1657.6521 479.0905 346.8839
1655.9964 481.6481 346.5656
1653.3132 485.0517 346.09
1650.9116 487.6839 345.6867
1650.1873 488.3074 345.5716
1649.6857 488.6531 345.4949
1649.169 488.9429 345.4182
1648.6373 489.1766 345.3414
1648.3658 489.2725 345.3031
1647.8115 489.4222 345.2264
1647.2421 489.516 345.1496
1646.6577 489.5538 345.0729
1646.0583 489.5357 344.9962
1645.1309 489.4035 344.8811
1644.1696 489.1453 344.766
1643.1745 488.7612 344.6509
1641.7951 488.0531 344.4975
1640.3555 487.1211 344.344
1638.4713 485.6412 344.1522
1635.6754 482.9816 343.8837
1632.6666 479.9861 343.6226
1630.8179 478.5347 343.4854
1628.8734 477.2934 343.3575
1626.8332 476.2622 343.2387
1624.6971 475.4411 343.1291
1622.4653 474.8302 343.0287
1620.1377 474.4294 342.9375
1617.7143 474.2388 342.8556
1614.5504 474.2959 342.766
1611.2368 474.6814 342.6908
1604.2364 476.355 342.5827
1597.8866 477.9828 342.5176
1589.5062 479.6434 342.4948
1586.3002 479.9584 342.5276
1584.6362 479.9514 342.5667
1583.7372 479.8503 342.6004
1582.3316 479.6037 342.6536
1580.7971 479.4355 342.6699
1577.8506 479.3377 342.6105
1572.3693 479.6746 342.2906
1566.0341 480.4424 341.8541
1557.0963 481.289 341.8657
1547.8915 481.8476 342.4687
1540.5032 481.862 342.9449
1534.9876 481.327 343.2445
1529.8025 480.4412 343.727
1524.6673 479.273 344.3863
1513.893 476.7878 345.1476
1502.5772 474.7529 345.9577
1490.798 473.5335 346.6016
1478.3748 473.1711 347.757
1466.2766 473.4104 348.8574
1454.6938 474.435 349.8193
1446.2067 475.9934 350.529
1444.9461 476.3531 350.6361
1443.7311 476.8145 350.7424
1442.3313 477.4314 350.867
1429.3939 484.8098 352.063
1411.0572 496.888 353.831
1392.6099 509.1106 356.2708
1387.6034 512.3483 356.9945
1382.3851 515.9376 357.5054
1379.6544 518.4132 357.7356
1374.9815 523.5384 358.1
1370.061 529.5117 358.4501
1366.4471 533.2747 358.6812
1363.9732 535.4141 358.8232
1362.0601 536.7743 358.9221
1360.6251 537.6183 358.9934
1358.9559 538.5063 359.0951
1355.2758 540.176 359.3929
1351.6469 541.4774 359.7742
1347.6562 542.6378 360.2447
1335.7847 545.757 361.3558
1322.6611 548.3827 362.8433
1282.2462 558.6588 368.5456
1264.4073 564.0686 371.086
1261.636 565.246 371.4764
1259.4246 566.4059 371.7658
1254.5375 569.3197 372.2655
1251.7619 571.259 372.4514
1251.0802 571.8327 372.5033
1250.3978 572.4671 372.5644
1248.86 574.1172 372.7354
1246.9761 576.5523 373.0076
1244.5713 580.3172 373.4547
1243.2146 582.7864 373.7552
1242.0137 585.3709 374.0501
1240.7669 588.7354 374.4015
1239.722 592.608 374.7659
1238.8867 597.797 375.1961
1238.3305 603.5911 375.6422
1236.8598 613.3609 376.4802
1234.7486 622.9642 377.4004
1232.5585 630.3988 378.1299
1231.5168 633.0632 378.3941
1230.356 635.5665 378.6438
1227.8716 640.3837 379.1234
1225.0689 645.2127 379.6029
1218.8619 654.8636 380.5363
1212.4357 664.3697 380.8327
1206.2519 673.6725 381.1574
1200.5428 682.7042 381.2625
1197.7452 687.2773 380.9188
1194.9444 691.9718 380.2777
1191.4386 698.5963 379.6691
1190.6679 700.249 379.5861
1189.8715 702.4242 379.4869
1187.1523 713.2645 379.019
1184.231 728.9849 378.3356
1182.1899 740.4206 377.6139
1181.1768 746.53 376.9385
1180.7696 751.2225 376.6974
1180.5802 756.2172 376.6926
1180.5667 761.7434 376.8612
1180.979 769.9978 377.3301
1181.9024 777.6995 378.0287
1183.1715 784.8342 378.8637
1184.8168 791.421 379.7928
1186.2102 795.1869 380.3148
1187.9547 798.8291 380.7938
1189.3126 801.1885 381.0891
1190.8239 803.496 381.3653
1193.7408 807.3049 381.7909
1197.3065 811.1814 382.1811
1198.6487 812.4515 382.3048
1199.9098 813.3921 382.4394
1202.039 814.7169 382.6897
1209.6552 818.5718 383.6627
1228.9497 826.6258 386.2778
1254.1708 835.9984 389.7411
1274.6629 842.5627 392.205
1278.7116 843.4356 392.5383
1280.1401 843.5991 392.6036
1281.7872 843.4936 392.5741
1283.4426 843.2567 392.5184
1288.7446 842.4731 392.5025
1294.5666 841.7674 392.6813
1298.753 841.8516 392.7197
1306.1872 842.6226 392.666
1315.5567 843.9485 392.4965
1321.8935 844.356 392.3613
1326.7848 844.2297 392.2447
1331.1772 843.6643 392.1276
1335.1138 842.8643 391.9993
1347.4788 840.2831 391.1855
1358.2624 838.1494 390.2372
1369.3063 836.0813 389.5873
1380.9432 833.946 388.4581
1392.849 831.6382 387.3493
1404.4499 829.3118 386.3903
1415.6056 827.0901 385.4413
1426.3197 824.8613 384.8144
1436.6706 822.606 384.6499
1446.8455 820.3041 384.3121
1457.0498 817.9827 383.5249
1466.9927 815.7031 383.2102
1476.9369 813.3931 382.8835
1493.704 809.5099 382.4136
1507.2163 806.3719 382.2505
1517.9953 803.8501 381.925
1529.0335 801.2647 381.4548
1540.3731 798.6368 381.2816
1552.1489 795.9448 380.6511
1564.0698 793.1451 380.3219
1575.9969 790.3447 379.6748
1588.1529 787.5257 378.7246
1600.7791 784.7315 378.0794
1613.525 781.8697 377.3317
1618.1711 780.8071 377.4324
1622.3615 779.8485 377.8888
1626.605 778.8767 378.5959
1633.3068 777.3313 379.3768
1640.0786 775.7577 379.6933
1646.7769 774.2039 379.7231
1653.3716 772.6828 379.4546
1657.0523 771.8455 378.9245
1661.7844 770.7846 377.7452
1666.5106 769.7376 376.1306
1672.4934 768.3904 374.4723
1675.8439 767.6223 373.805
1679.4308 766.7944 373.2878
1685.812 765.353 372.7456
1692.1612 763.8756 372.6419
1695.4354 762.7562 372.6028
1698.6869 761.306 372.5313
1701.6681 759.6737 372.4365
1704.6336 757.9316 372.3302
1707.8386 756.3747 372.2446
1710.7903 755.2591 372.1942
1713.7354 754.4522 372.1715
1716.9224 753.8388 372.1779
1729.2375 751.5878 372.4811
1741.3123 749.5394 372.347
1747.4344 748.6592 372.4162
1753.7245 747.8998 372.8141
1765.8904 746.7668 373.4554
1778.027 745.7977 373.9274
1799.6283 742.453 374.0974
1816.0517 739.6369 374.4066
1826.6228 737.2118 374.5845
1842.4426 732.718 375.1944
1849.7832 731.1918 375.3606
1855.7438 730.4152 375.3452
1862.089 729.9594 375.2217
1875.7903 729.4331 375.365
1886.0292 729.1114 375.5369
1896.7642 728.4135 375.8442
1907.6082 727.2855 376.0235
1923.767 724.6129 376.6234
1942.0339 721.5031 376.344
1950.7733 720.528 376.0638
1959.2637 720.152 375.997
1966.8678 720.0766 375.7982
1973.3943 720.2444 375.3856
1976.3961 720.5968 375.2095
1978.9383 721.13 375.1044
1980.8891 721.7269 375.059
1982.3359 722.3037 375.05
1982.8066 722.5365 375.05
1983.3277 722.855 375.05
1983.6387 723.0998 375.05
1983.8081 723.2658 375.05
1983.9471 723.4341 375.05
1984.0556 723.6046 375.05
1984.1338 723.7775 375.05
1984.1816 723.9526 375.05
1984.1989 724.1299 375.05
1984.1859 724.3096 375.05
1984.1425 724.4915 375.05
1984.0686 724.6756 375.05
1983.9644 724.8621 375.05
1983.8297 725.0508 375.05
1983.5708 725.3381 375.05
1983.2434 725.6305 375.05
1982.7006 726.0284 375.05
1981.458 726.7464 375.05
1979.726 727.6076 375.0249
1972.9922 730.6141 374.6302
1964.2667 734.1606 373.7751
1953.6932 739.1056 372.7176
1941.5269 745.6249 371.5402
1930.7007 752.3295 370.2412
1922.1363 758.7129 368.8383
1910.5802 767.7999 366.589
1905.9169 771.2871 365.8254
1901.0281 774.7115 365.2717
1895.8558 777.9276 364.4977
1890.385 780.8852 363.3797
1884.6755 783.5488 362.1779
1878.7537 785.9148 360.9785
1866.6126 790.162 358.5923
1854.8551 794.0556 356.8043
1843.8749 798.168 355.0633
1838.7169 800.4837 354.2938
1833.7936 803.0226 353.7498
1823.9587 808.8188 352.4736
1818.4307 811.6747 351.5628
1812.2076 814.2844 350.4335
1808.108 816.2832 349.7211
1804.5208 818.4497 349.1508
1800.961 821.0231 348.6252
1795.6539 824.8422 347.617
1790.1532 828.6095 346.2777
1778.5677 836.0297 344.005
1766.0763 843.3899 341.7864
1753.2806 850.6565 339.9831
1739.98 857.4872 337.9473
1726.5747 863.9294 336.151
1713.9111 870.4892 334.4035
1701.5463 877.1347 332.4865
1689.1375 883.7587 330.8703
1676.5197 890.6325 329.4089
1670.1479 894.1695 328.2232
1663.7789 897.7384 326.4768
1657.4711 901.3044 324.9263
1651.2438 904.8512 323.8439
1638.8371 911.6825 322.2261
1626.5091 917.8188 320.7874
1614.4381 923.3749 319.3427
1602.785 928.4473 317.9004
1592.2849 933.0659 316.4455
1579.3746 939.4402 313.8224
1567.8947 945.0348 311.0789
1564.8663 946.3961 310.5978
1561.1555 948.0092 310.3664
1556.8865 949.8142 310.4456
1550.0288 952.7915 310.3235
1542.0884 956.3543 309.7376
1529.4459 962.1265 308.3067
1518.6604 967.1002 307.4565
1507.2763 972.4128 306.6777
1495.0168 977.8183 305.4234
1482.0181 983.0916 303.9787
1468.7805 988.1596 302.5398
1455.3038 992.981 301.3883
1441.9733 997.4928 299.8491
1429.0865 1001.673 298.517
1416.309 1005.5977 297.5455
1403.5582 1009.1568 296.0013
1390.7887 1012.3275 294.3782
1378.0437 1015.3254 293.2279
1365.2713 1018.2555 291.9778
1351.9923 1021.1137 290.5363
1338.6701 1023.9853 289.3839
1325.2548 1026.8822 288.4191
1311.3984 1029.7346 286.8844
1297.3655 1032.5978 285.2579
1283.3312 1035.4063 284.1077
1269.0999 1038.0377 283.146
1254.6669 1040.5045 281.8909
1239.732 1042.7524 280.1664
1224.6833 1044.9726 278.8191
1209.8334 1047.4492 277.5738
1195.2257 1050.104 276.1352
1181.0128 1052.7503 274.6955
1166.7205 1055.3706 273.8157
1159.5598 1056.7501 273.3255
1152.5031 1058.2296 272.4851
1138.0119 1061.2112 270.8511
1123.6598 1064.2067 269.4147
1109.6248 1067.2723 268.2534
1095.5899 1070.3276 267.2903
1081.5551 1073.5528 266.3353
1067.7797 1076.9592 265.93
1061.0582 1078.6894 265.5209
1054.4457 1080.4374 264.5308
1047.8705 1082.1914 263.6582
1041.2934 1083.946 263.2551
1027.885 1087.5301 262.4932
1014.7455 1091.1336 261.2464
1002.2566 1094.6766 259.5294
996.3314 1096.4261 258.8122
990.71 1098.1612 258.4472
980.1027 1101.4787 257.6838
966.1725 1105.81 255.8931
952.2848 1109.8616 254.0472
941.8348 1112.7778 252.8834
931.2344 1115.6717 252.1983
917.0794 1119.1587 251.1687
904.6447 1122.0408 250.2794
894.6288 1124.3484 249.2486
883.6758 1126.8096 247.8114
871.9454 1129.3585 246.6405
859.5813 1131.8916 245.4042
846.6299 1134.4669 244.2383
833.2316 1137.2106 243.0071
819.1371 1140.0724 241.8403
804.5676 1142.9989 240.5944
791.3878 1147.002 238.9526
769.1202 1154.9285 235.8989
739.5442 1166.2144 231.9559
726.9171 1172.271 230.4956
693.8161 1190.8547 224.7374
674.8192 1201.6381 221.4668
664.6107 1207.3431 220.2173
653.5635 1213.597 219.2592
644.1727 1219.3403 218.5667
641.7668 1221.1128 218.3879
638.6305 1223.8918 218.0472
636.2393 1226.3275 217.7146
633.5489 1229.3428 217.2766
628.9603 1234.1143 216.5776
626.0457 1236.6798 216.2064
622.9971 1238.996 215.8839
621.9873 1239.9783 215.7761
619.4428 1242.9833 215.4869
610.5942 1255.6807 214.407
597.8954 1276.0099 212.7858
581.2788 1301.3189 210.528
577.8547 1305.5699 210.0045
576.5392 1306.9107 209.7857
575.4416 1307.8206 209.5923
564.7439 1316.5253 208.2032
554.0914 1325.5233 206.9775
543.1281 1334.9893 205.539
532.4687 1344.594 204.1004
522.1962 1354.1049 202.6563
512.3667 1363.4036 201.2147
503.1848 1372.335 200.3036
498.8284 1376.6817 199.919
494.6933 1380.9805 199.2962
486.5416 1389.5389 197.8582
478.3993 1398.2085 196.6827
470.2432 1407.1169 195.7177
461.612 1416.0694 194.4925
452.6264 1425.1781 193.3156
443.6367 1434.6913 192.3556
434.644 1444.536 190.8756
425.8881 1454.7632 189.2178
417.2706 1465.5374 187.7738
409.1297 1477.028 186.3311
407.7867 1478.8248 186.1102
406.293 1480.486 185.9016
404.6488 1482.0115 185.7052
402.8539 1483.4015 185.5211
400.6546 1484.8031 185.3287
398.2741 1486.0421 185.151
395.9667 1487.3583 184.9672
394.0726 1488.6833 184.7907
392.3262 1490.1543 184.602
390.7274 1491.7711 184.401
389.2763 1493.5339 184.1878
387.816 1495.6871 183.9339
380.0807 1507.8908 182.7523
376.2237 1513.9034 182.0642
372.3401 1519.8141 181.0161
364.5556 1531.0427 179.1282
357.0785 1541.2584 177.9459
349.8074 1550.8661 176.7311
342.9566 1560.5996 175.5479
336.4595 1570.5618 174.3339
329.9692 1580.5201 173.1446
323.2943 1590.6238 171.9266
316.6421 1601.0649 170.4884
310.1968 1611.7387 169.5559
306.9579 1617.154 169.1163
303.6908 1622.6532 168.3183
297.6548 1633.5251 166.9041
285.9869 1653.2902 164.6811
278.8091 1664.5229 163.3287
274.2095 1670.745 162.5773
272.1488 1673.3502 162.3646
269.8082 1676.7945 162.28
267.324 1681.0095 162.371
260.1852 1693.2167 162.6004
255.9349 1699.4366 162.7959
250.6257 1706.048 163.3504
248.6921 1708.0777 163.5806
246.6326 1709.8789 163.8107
244.4472 1711.4517 164.0409
242.1358 1712.7961 164.2711
239.6984 1713.9121 164.5012
238.1111 1714.4935 164.6451
236.4771 1714.9877 164.7888
229.7 1717.2272 165.3966
226.5352 1718.5727 165.6962
223.6631 1720.0857 165.9836
218.8039 1722.7198 166.5312
213.6261 1725.1274 167.197
213.0551 1725.2719 167.2633
211.9096 1725.4095 167.3801
209.843 1725.4453 167.568
202.9396 1724.909 168.1256
182.9623 1721.8461 169.5775
153.1507 1716.0889 171.6174
103.6285 1704.5476 175.1618
97.0869 1702.3344 175.7293
95.1376 1701.4793 175.9266
93.7672 1700.7028 176.0907
87.0909 1696.7787 176.9265
85.1611 1695.8742 177.1468
84.5219 1695.6349 177.2141
83.978 1695.4749 177.2672
83.434 1695.2977 177.3152
82.5801 1694.928 177.3823
81.1735 1694.1535 177.4782
78.8352 1692.5825 177.6125
76.0668 1690.4445 177.7468
65.3107 1682.3084 178.4724
61.8484 1680.0857 178.6898
57.5114 1677.7898 178.7799
52.4413 1675.6177 178.6942
48.3121 1674.2486 178.5599
44.4662 1673.3465 178.4353
41.2033 1672.8609 178.3298
37.6346 1672.6216 178.2148
33.45 1672.7024 178.121
29.2354 1673.1531 178.1024
25.9029 1673.7667 178.1404
22.5519 1674.6086 178.2247
14.6835 1677.0012 178.153
6.3663 1679.8613 177.4827
-2.1499 1682.6499 176.7719
-10.6324 1684.8654 176.54
-15.6146 1685.7639 176.4945
-19.7829 1686.1365 176.3854
-23.2013 1686.1573 176.2425
-26.5201 1685.9081 176.0532
-30.2631 1685.3021 175.8039
-33.5089 1684.4696 175.5737
-36.3076 1683.4762 175.3627
-38.0007 1682.7293 175.2285
-39.6254 1681.8933 175.0942
-45.0469 1678.8164 174.7374
-49.9422 1675.8461 174.62
-54.9438 1672.5544 174.4978
-60.6595 1668.5301 174.1361
-70.9621 1661.2416 173.4135
-80.6763 1654.3151 172.929
-85.8172 1650.6003 172.8716
-90.3257 1647.4655 173.176
-95.6793 1643.6169 173.4162
-103.342 1637.7725 173.1701