5836374.8206 448342.77967 327.47 30 U
5836366.01159 448334.233807 327.95 30 U
5836354.63635 448326.404508 327.47 30 U
5836342.30239 448325.056515 328.43 30 U
5836329.87592 448332.430527 328.91 30 U
5836317.01683 448349.131587 328.91 30 U
5836310.57046 448359.07105 328.43 30 U
5836304.45279 448369.487366 328.43 30 U
5836298.44351 448380.175338 327.47 30 U
5836292.76294 448391.340162 327.95 30 U
5836287.52089 448403.118243 327.47 30 U
5836283.16729 448415.040998 326.99 30 U
5836278.81372 448426.963773 326.5 30 U
5836274.90798 448438.620827 326.5 30 U
5836271.34026 448449.875749 326.02 30 U
5836267.88737 448460.793798 325.54 30 U
5836264.77107 448471.444939 326.02 30 U
5836260.43266 448481.947926 326.02 30 U
5836255.2044 448492.441522 326.5 30 U
5836247.41924 448502.772869 326.02 30 U
5836241.4124 448513.258287 325.06 30 U
5836237.96252 448523.905991 326.02 30 U
5836235.28986 448534.697163 325.54 30 U
5836232.61579 448545.623575 325.06 30 U
5836232.4994 448556.644628 325.54 30 U
5836231.04466 448567.989658 325.06 30 U
5836228.81204 448579.258862 324.58 30 U
5836224.90738 448590.848538 325.06 30 U
5836220.11002 448602.699299 324.58 30 U
5836214.42283 448614.540697 324.58 30 U
5836208.40269 448626.310989 323.14 30 U
5836202.38186 448638.148925 322.66 30 U
5836195.80347 448650.116255 321.7 30 U
5836190.23191 448661.553252 321.22 30 U
5836184.11133 448672.308271 320.26 30 U
5836178.11198 448682.117884 319.78 30 U
5836171.23774 448690.498241 319.78 30 U
5836163.48291 448697.990259 319.3 30 U
5836154.06885 448704.585739 320.26 30 U
5836142.2212 448709.870796 320.74 30 U
5836129.38669 448713.793036 321.22 30 U
5836116.6684 448717.24316 322.18 30 U
5836104.29663 448719.479735 323.14 30 U
5836091.60041 448720.833805 323.14 30 U
5836079.24429 448721.582851 323.62 30 U
5836066.55092 448722.666471 325.06 30 U
5836054.1827 448724.565005 325.54 30 U
5836042.2516 448727.212012 326.02 30 U
5836030.31408 448730.467584 326.99 30 U
5836018.81582 448734.268788 327.95 30 U
5836008.20243 448738.552692 328.43 30 U
5835997.91564 448743.516297 328.91 30 U
5835988.17933 448749.026711 329.39 30 U
5835979.09904 448755.626046 329.39 30 U
5835971.45128 448763.525344 329.87 30 U
5835964.57506 448772.109029 329.39 30 U
5835958.4725 448781.174248 329.39 30 U
5835953.37887 448789.506218 328.43 30 U
5835949.79918 448801.979252 327.95 30 U
5835947.56071 448813.857768 327.47 30 U
5835946.20929 448826.016112 327.47 30 U
5835946.41729 448837.987962 326.5 30 U
5835947.62713 448849.902703 326.99 30 U
5835949.61846 448861.55514 326.02 30 U
5835951.61338 448872.869479 325.54 30 U
5835954.49534 448884.463615 325.06 30 U
5835958.15596 448896.065903 325.06 30 U
5835963.15496 448907.344085 324.1 30 U
5835967.26128 448918.883383 323.14 30 U
5835971.36762 448930.422661 322.66 30 U
5835975.47612 448941.759067 321.7 30 U
5835980.47522 448953.03716 320.74 30 U
5835985.028 448964.445804 319.78 30 U
5835990.02715 448975.723851 319.3 30 U
5835996.25626 448986.406133 318.33 30 U
5836002.93599 448996.552109 317.85 30 U
5836010.50561 449006.707372 316.89 30 U
5836018.41389 449016.392778 316.41 30 U
5836026.43273 449026.146933 315.45 30 U
5836034.78528 449035.904547 314.49 30 U
5836043.13997 449045.459278 313.53 30 U
5836051.16099 449055.010487 312.57 30 U
5836058.29569 449064.21428 311.6 30 U
5836064.5469 449072.800199 310.64 30 U
5836070.8052 449080.709935 310.64 30 U
5836083.79291 449094.03221 309.68 30 U
5836099.81785 449104.140239 308.72 30 U
5836108.66493 449109.169135 308.24 30 U
5836117.50849 449114.536091 307.76 30 U
5836128.13531 449119.583539 307.28 30 U
5836140.31163 449125.390993 306.8 30 U
5836153.48764 449131.344103 304.88 30 U
5836166.10749 449137.291374 304.39 30 U
5836178.83435 449143.645463 303.91 30 U
5836191.88998 449150.476304 302.95 30 U
5836204.04658 449158.176806 302.47 30 U
5836215.42033 449166.274829 301.51 30 U
5836226.78633 449175.116567 300.55 30 U
5836238.15375 449183.823037 300.07 30 U
5836248.7468 449192.115665 299.11 30 U
5836258.77734 449201.010978 299.11 30 U
5836268.91561 449210.245481 298.15 30 U
5836279.39324 449218.942519 297.67 30 U
5836289.09013 449227.834244 297.18 30 U
5836299.22775 449237.136247 296.22 30 U
5836309.25485 449246.36944 295.74 30 U
5836318.94827 449255.59912 294.78 30 U
5836328.1996 449264.553679 293.82 30 U
5836337.45375 449273.237755 292.86 30 U
5836345.82299 449281.439248 292.86 30 U
5836354.19576 449289.302653 291.9 30 U
5836362.67907 449297.234801 291.42 30 U
5836370.60693 449305.093522 290.94 30 U
5836378.2011 449312.948745 289.97 30 U
5836391.18522 449326.675241 288.53 30 U
5836399.11524 449334.331034 287.57 30 U
5836403.76172 449336.813635 289.01 30 U
5836413.42157 449349.288297 288.53 30 U
5836424.29025 449363.195463 288.53 30 U
5836431.42975 449371.992439 289.97 30 U
5836438.99733 449382.416674 289.97 30 U
5836446.11087 449393.715195 290.46 30 U
5836452.7781 449405.144282 291.42 30 U
5836459.44185 449416.911391 291.42 30 U
5836466.10142 449429.084131 291.9 30 U
5836472.76171 449441.189226 292.38 30 U
5836478.97711 449453.289672 291.9 30 U
5836485.19323 449465.322476 292.86 30 U
5836490.63496 449476.941512 292.86 30 U
5836495.96619 449488.491758 293.82 30 U
5836500.51881 449500.033907 294.78 30 U
5836503.84789 449511.563351 295.26 30 U
5836505.84641 449522.673288 296.22 30 U
5836506.95579 449533.706386 297.67 30 U
5836506.84933 449543.983096 298.15 30 U
5836502.43551 449561.991181 300.07 30 U
5836491.70247 449577.905366 301.03 30 U
5836485.72244 449586.025178 301.51 30 U
5836477.96129 449594.261815 301.99 30 U
5836469.75313 449602.696706 303.91 30 U
5836460.32001 449611.25419 304.39 30 U
5836449.66055 449620.069496 305.36 30 U
5836439.00251 449628.749619 305.84 30 U
5836427.89815 449637.560402 306.8 30 U
5836416.68327 449646.302464 307.76 30 U
5836406.91583 449654.92429 308.24 30 U
5836398.26005 449663.625256 309.68 30 U
5836390.60887 449671.998538 310.64 30 U
5836383.2949 449680.037235 311.6 30 U
5836375.98024 449688.143569 313.05 30 U
5836369.55407 449696.394339 314.01 30 U
5836363.093 449708.025727 314.01 30 U
5836356.96637 449719.592978 315.45 30 U
5836352.63693 449729.488322 315.93 30 U
5836350.39095 449742.312809 316.89 30 U
5836346.8102 449755.123539 316.89 30 U
5836344.24871 449766.186695 316.89 30 U
5836341.90484 449777.72544 317.85 30 U
5836340.14852 449786.227379 317.37 30 U
5836341.42687 449791.717727 318.81 30 U
5836339.96804 449803.738946 319.78 30 U
5836338.17555 449815.756733 321.7 30 U
5836333.34706 449830.921376 323.14 30 U
5836324.73669 449846.047111 323.62 30 U
5836312.28749 449855.859045 324.1 30 U
5836294.43173 449861.355328 325.06 30 U
5836277.39635 449862.802879 325.54 30 U
5836264.28545 449861.247913 326.02 30 U
5836251.25459 449851.917391 326.02 30 U
5836242.76969 449844.053662 326.5 30 U
5836234.39951 449835.852981 327.47 30 U
5836226.81007 449827.457451 327.95 30 U
5836218.88695 449819.058457 328.91 30 U
5836210.52447 449810.11394 329.39 30 U
5836202.94135 449801.109802 329.87 30 U
5836194.58797 449791.28624 330.35 30 U
5836186.12965 449780.852968 330.35 30 U
5836177.33625 449770.551448 330.83 30 U
5836168.5401 449760.52035 330.83 30 U
5836159.30112 449750.281782 331.31 30 U
5836150.49942 449740.791529 331.79 30 U
5836141.69285 449731.774547 331.79 30 U
5836133.33333 449722.559279 331.79 30 U
5836125.30543 449713.55027 331.31 30 U
5836117.82883 449705.02028 330.83 30 U
5836111.13995 449695.619303 330.35 30 U
5836104.45738 449685.609761 330.35 30 U
5836099.00257 449675.207138 330.83 30 U
5836094.89447 449663.668816 330.35 30 U
5836090.79338 449651.454317 329.39 30 U
5836086.69581 449638.901718 329.39 30 U
5836085.03842 449627.050559 328.43 30 U
5836082.27222 449614.849808 327.95 30 U
5836079.39411 449602.715509 327.95 30 U
5836076.52094 449590.107883 327.47 30 U
5836074.53346 449577.915147 326.02 30 U
5836072.09758 449566.055874 325.54 30 U
5836070.10316 449554.539277 326.02 30 U
5836067.65963 449543.423757 326.02 30 U
5836063.17415 449525.389492 324.58 30 U
5836057.00273 449509.028304 325.54 30 U
5836047.84629 449490.877914 325.06 30 U
5836042.82421 449481.696655 325.06 30 U
5836037.01651 449473.183466 325.06 30 U
5836025.26606 449458.454838 325.06 30 U
5836010.56677 449449.17309 325.54 30 U
5835991.88453 449448.505873 326.02 30 U
5835980.83948 449451.569621 326.5 30 U
5835969.33758 449455.778263 327.47 30 U
5835957.82866 449460.663101 327.95 30 U
5835945.87482 449465.543348 328.91 30 U
5835934.36802 449470.225381 329.39 30 U
5835922.85983 449475.042672 329.87 30 U
5835911.35163 449479.859987 330.83 30 U
5835900.62558 449484.347307 330.83 30 U
5835890.01007 449488.903419 330.83 30 U
5835879.39246 449493.662407 330.35 30 U
5835869.10154 449499.101063 330.83 30 U
5835858.91346 449505.352322 331.31 30 U
5835849.05347 449512.148019 330.83 30 U
5835839.63562 449519.21883 330.83 30 U
5835831.10345 449526.704604 330.83 30 U
5835822.89728 449534.937674 331.31 30 U
5835814.79116 449544.253836 330.83 30 U
5835807.45668 449554.254288 330.83 30 U
5835800.11943 449564.525249 329.87 30 U
5835792.78219 449574.79624 329.39 30 U
5835785.44498 449585.067263 329.39 30 U
5835777.32986 449595.262641 328.91 30 U
5835768.76773 449605.656312 328.43 30 U
5835759.64247 449616.720471 327.95 30 U
5835750.62846 449627.785821 327.47 30 U
5835742.05941 449638.855811 326.02 30 U
5835733.93672 449649.795197 326.02 30 U
5835726.14984 449660.535205 325.06 30 U
5835718.80793 449671.279842 324.1 30 U
5835712.80083 449682.038297 324.1 30 U
5835707.56959 449693.075302 322.66 30 U
5835703.22616 449704.324379 321.7 30 U
5835700.10421 449715.788966 321.22 30 U
5835696.97602 449727.862159 320.74 30 U
5835692.61731 449740.598957 319.78 30 U
5835688.26004 449753.200535 318.33 30 U
5835683.90837 449765.261164 316.89 30 U
5835679.56022 449776.983708 315.93 30 U
5835675.21697 449788.232921 314.97 30 U
5835669.09751 449799.125711 314.49 30 U
5835661.76078 449809.397329 313.05 30 U
5835654.10081 449818.651215 312.09 30 U
5835646.34495 449826.416304 311.6 30 U
5835639.04866 449832.765938 311.12 30 U
5835628.42513 449838.134528 310.64 30 U
5835617.36363 449842.82234 310.16 30 U
5835606.19995 449846.629937 308.72 30 U
5835594.37236 449850.092571 307.76 30 U
5835581.54576 449853.342051 306.8 30 U
5835569.1648 449856.528505 306.32 30 U
5835557.33721 449859.991191 304.39 30 U
5835546.62266 449863.397716 303.43 30 U
5835536.46845 449866.40424 302.47 30 U
5835519.40527 449870.557049 300.55 30 U
5835508.37441 449872.2696 299.11 30 U
5835496.04076 449870.857727 299.59 30 U
5835495.72098 449869.501815 300.07 30 U
5835486.79112 449861.632354 299.59 30 U
5835474.69815 449847.643486 298.15 30 U
5835466.32101 449840.117798 296.22 30 U
5835456.15649 449833.317631 295.74 30 U
5835445.6555 449826.784499 293.82 30 U
5835434.59696 449820.380861 292.38 30 U
5835422.86964 449814.10557 290.46 30 U
5835411.03039 449807.89673 290.94 30 U
5835399.634 449801.895319 289.49 30 U
5835388.68533 449795.627963 289.01 30 U
5835378.52227 449788.692347 287.57 30 U
5835369.70307 449780.891324 287.57 30 U
5835360.89644 449771.873009 287.57 30 U
5835352.10237 449761.637394 287.09 30 U
5835343.64969 449750.661297 287.09 30 U
5835335.75111 449739.893776 287.09 30 U
5835328.18206 449729.535421 285.65 30 U
5835321.05658 449719.316877 286.13 30 U
5835314.37814 449708.900016 285.65 30 U
5835307.3723 449697.871042 284.69 30 U
5835300.26434 449685.961741 283.73 30 U
5835293.16339 449673.376138 283.25 30 U
5835286.51159 449660.389333 282.28 30 U
5835280.30686 449647.204208 281.8 30 U
5835273.99233 449633.882646 280.84 30 U
5835268.67753 449620.706653 279.88 30 U
5835262.8052 449607.660134 280.36 30 U
5835257.04485 449594.547107 279.4 30 U
5835252.06385 449581.374476 279.4 30 U
5835247.085 449567.998936 278.92 30 U
5835242.55111 449554.627974 277.96 30 U
5835238.46359 449541.126339 277.48 30 U
5835234.81963 449527.764544 277.48 30 U
5835231.17922 449514.06459 277.0 30 U
5835228.7575 449500.850689 276.52 30 U
5835226.77234 449488.452918 275.56 30 U
5835226.00166 449476.946983 274.59 30 U
5835226.11245 449466.261804 274.11 30 U
5835228.39351 449450.120704 272.67 30 U
5835234.81728 449442.138789 272.19 30 U
5835245.59107 449433.052243 272.19 30 U
5835260.04188 449423.395189 272.19 30 U
5835269.44792 449417.47335 273.15 30 U
5835280.96669 449411.641102 273.63 30 U
5835294.25958 449406.368374 274.11 30 U
5835307.87915 449401.775407 274.11 30 U
5835321.94085 449397.457592 275.56 30 U
5835336.32923 449393.819531 277.0 30 U
5835350.82814 449390.250273 277.96 30 U
5835364.87861 449387.014545 279.88 30 U
5835378.0322 449384.44585 281.32 30 U
5835391.18087 449382.350548 282.28 30 U
5835403.54599 449380.720546 282.28 30 U
5835413.79277 449379.541974 283.73 30 U
5835429.08719 449374.357913 284.69 30 U
5835433.42576 449363.649477 286.13 30 U
5835430.19771 449353.132943 286.61 30 U
5835424.75556 449341.578892 288.05 30 U
5835418.51653 449331.774969 287.57 30 U
5835412.16488 449322.105115 289.01 30 U
5835403.04509 449311.189055 288.53 30 U
5835391.70347 449299.979305 288.05 30 U
5835381.58404 449288.917488 288.05 30 U
5835371.4597 449278.329006 287.57 30 U
5835361.42902 449269.432284 287.57 30 U
5835350.03751 449263.023789 287.09 30 U
5835337.28867 449258.765403 287.09 30 U
5835323.74642 449255.919042 287.09 30 U
5835309.75149 449253.811925 287.09 30 U
5835296.19446 449252.385697 286.13 30 U
5835283.07742 449251.437485 285.65 30 U
5835269.95828 449250.69215 286.13 30 U
5835256.83772 449250.082067 285.65 30 U
5835244.05157 449249.407829 286.13 30 U
5835231.3844 449247.990843 286.13 30 U
5835218.61163 449246.031669 285.65 30 U
5835206.40559 449243.063859 285.65 30 U
5835195.43369 449239.094356 285.65 30 U
5835185.24887 449234.321408 285.17 30 U
5835175.50898 449229.553076 285.17 30 U
5835165.76629 449225.05524 284.69 30 U
5835155.68496 449221.02731 283.73 30 U
5835136.17704 449214.195678 281.8 30 U
5835121.88015 449209.041583 280.84 30 U
5835113.35257 449205.367964 281.32 30 U
5835102.46177 449193.620919 280.84 30 U
5835094.62789 449176.765293 280.84 30 U
5835091.74029 449165.642717 280.84 30 U
5835090.19314 449153.993017 280.36 30 U
5835089.86606 449142.694226 281.32 30 U
5835091.19974 449132.156775 282.28 30 U
5835101.1718 449114.675283 283.73 30 U
5835118.71375 449107.350786 285.17 30 U
5835138.65905 449104.244897 286.61 30 U
5835148.79395 449103.133293 287.57 30 U
5835158.59446 449102.085838 289.01 30 U
5835169.28553 449100.980054 289.49 30 U
5835179.86466 449099.940741 290.46 30 U
5835189.99251 449099.50544 292.38 30 U
5835211.24788 449098.780558 294.78 30 U
5835222.71334 449098.088696 295.74 30 U
5835235.06867 449097.406133 297.18 30 U
5835247.31489 449096.519529 298.63 30 U
5835260.11939 449095.435859 299.59 30 U
5835272.8169 449093.945271 301.03 30 U
5835285.62846 449092.185346 301.99 30 U
5835298.77797 449090.023157 303.43 30 U
5835311.93242 449087.387594 304.39 30 U
5835325.20093 449084.482704 304.88 30 U
5835337.91399 449081.504392 305.84 30 U
5835349.85125 449078.247457 307.28 30 U
5835361.78709 449075.125789 308.24 30 U
5835374.07006 449070.722738 309.2 30 U
5835382.71063 449063.576318 309.68 30 U
5835387.81085 449054.566823 310.64 30 U
5835392.58303 449045.012853 311.12 30 U
5835396.13592 449035.040353 311.12 30 U
5835398.81453 449023.570801 311.12 30 U
5835399.72477 449011.000632 310.64 30 U
5835396.52295 448998.049265 311.12 30 U
5835397.10026 448985.407976 310.64 30 U
5835399.34468 448972.919411 310.16 30 U
5835402.80206 448961.458053 309.2 30 U
5835407.58365 448951.025074 308.72 30 U
5835411.91536 448941.060829 307.28 30 U
5835415.0214 448931.286653 306.32 30 U
5835418.15512 448918.875111 306.32 30 U
5835421.19252 448905.042292 306.8 30 U
5835417.52194 448894.385494 307.28 30 U
5835406.6936 448876.755059 308.24 30 U
5835399.11432 448867.545112 308.72 30 U
5835381.42706 448856.876391 309.68 30 U
5835367.51606 448846.7883 310.64 30 U
5835355.38623 448836.583587 311.12 30 U
5835344.03717 448826.184122 312.09 30 U
5835333.46677 448815.792788 313.05 30 U
5835323.0055 448805.605456 313.53 30 U
5835312.42946 448795.755046 314.97 30 U
5835302.40463 448786.383824 315.93 30 U
5835291.92778 448777.684157 316.89 30 U
5835281.32904 448769.997687 316.41 30 U
5835270.3888 448763.051575 316.41 30 U
5835258.55301 448756.637094 316.41 30 U
5835246.70728 448751.169366 316.41 30 U
5835233.63087 448746.365021 315.93 30 U
5835220.10528 448741.961737 315.45 30 U
5835206.57897 448737.626058 315.45 30 U
5835193.05623 448732.952215 314.97 30 U
5835180.31924 448727.610255 314.01 30 U
5835167.25709 448721.453213 312.09 30 U
5835154.20278 448714.552223 311.6 30 U
5835141.48716 448707.181306 309.68 30 U
5835129.77621 448699.482744 308.72 30 U
5835119.18258 448691.322452 307.28 30 U
5835109.59291 448682.902149 306.8 30 U
5835100.67706 448673.880176 305.36 30 U
5835093.21296 448664.332366 304.88 30 U
5835086.53463 448654.116433 303.91 30 U
5835080.64065 448643.367638 302.95 30 U
5835075.30001 448632.8952 301.03 30 U
5835068.61247 448623.558375 300.07 30 U
5835060.57733 448615.424792 299.11 30 U
5835052.19851 448608.234486 298.63 30 U
5835043.8247 448600.570743 297.67 30 U
5835036.68802 448591.634903 297.67 30 U
5835030.45691 448581.220555 297.18 30 U
5835025.01159 448570.13809 296.22 30 U
5835020.46044 448558.65921 295.74 30 U
5835015.90718 448547.383199 295.74 30 U
5835011.35323 448536.174798 294.78 30 U
5835007.24566 448524.835814 293.82 30 U
5835003.13812 448513.49681 292.86 30 U
5834999.8071 448502.368908 291.9 30 U
5834996.58661 448491.309796 291.42 30 U
5834992.81213 448480.041897 289.49 30 U
5834989.59599 448468.576967 289.01 30 U
5834985.49287 448456.832087 288.05 30 U
5834981.38907 448445.154817 286.61 30 U
5834977.1712 448433.746875 285.17 30 U
5834971.83315 448423.071086 284.69 30 U
5834965.59954 448412.926905 283.73 30 U
5834958.916 448403.251408 282.28 30 U
5834950.8934 448393.96754 281.8 30 U
5834942.97703 448385.158242 280.84 30 U
5834934.50165 448376.613551 280.36 30 U
5834925.24622 448368.195846 278.92 30 U
5834916.09988 448359.982184 277.48 30 U
5834905.50324 448352.158961 276.04 30 U
5834895.01425 448344.675046 275.07 30 U
5834883.6304 448337.655093 274.11 30 U
5834872.24297 448330.973272 273.15 30 U
5834860.85411 448324.426686 272.67 30 U
5834849.9102 448317.884788 273.15 30 U
5834838.51778 448311.676309 272.67 30 U
5834827.12536 448305.467801 273.15 30 U
5834816.06378 448299.533338 273.15 30 U
5834805.11416 448293.532396 273.15 30 U
5834794.16527 448287.463793 273.63 30 U
5834784.10409 448281.607509 273.63 30 U
5834773.0411 448275.80821 273.63 30 U
5834762.09438 448269.536627 273.63 30 U
5834750.26212 448262.849763 273.63 30 U
5834738.54109 448256.164049 273.15 30 U
5834727.15377 448249.481846 272.67 30 U
5834715.3201 448242.930157 272.67 30 U
5834703.93208 448236.315528 271.71 30 U
5834692.54407 448229.700868 271.23 30 U
5834681.15607 448223.086178 271.23 30 U
5834669.32603 448216.196189 270.75 30 U
5834657.05321 448209.098531 269.79 30 U
5834644.89308 448201.866749 268.83 30 U
5834632.62389 448194.430841 267.38 30 U
5834620.35686 448186.791988 266.9 30 U
5834608.20036 448179.221916 265.94 30 U
5834596.37612 448171.790628 265.46 30 U
5834584.99252 448164.769857 264.98 30 U
5834574.49303 448158.299613 264.98 30 U
5834564.76714 448152.311083 264.5 30 U
5834555.479 448147.003635 264.98 30 U
5834546.18223 448142.507814 264.5 30 U
5834528.00195 448136.496906 264.98 30 U
5834512.34549 448133.759792 264.02 30 U
5834502.56205 448133.182169 264.02 30 U
5834495.33337 448132.969958 264.02 30 U
5834484.34221 448130.891274 264.02 30 U
5834471.24338 448128.248985 264.02 30 U
5834456.04913 448123.893227 264.02 30 U
5834439.53162 448118.441018 262.58 30 U
5834419.99714 448114.241944 262.1 30 U
5834409.00167 448112.569026 262.1 30 U
5834396.34203 448110.472503 261.62 30 U
5834382.34903 448108.226481 261.14 30 U
5834368.35532 448106.048087 260.65 30 U
5834354.36521 448103.531483 260.17 30 U
5834339.92873 448101.145408 260.17 30 U
5834326.38211 448098.768795 259.21 30 U
5834313.28259 448096.193985 257.77 30 U
5834299.73957 448093.479144 257.77 30 U
5834286.19728 448090.696647 256.33 30 U
5834272.2115 448087.774116 255.37 30 U
5834258.2214 448085.257417 254.89 30 U
5834243.45195 448082.800053 253.44 30 U
5834228.12994 448079.998543 253.44 30 U
5834211.5851 448077.116343 252.96 30 U
5834194.70872 448074.027644 252.0 30 U
5834173.49211 448071.09564 252.0 30 U
5834154.38893 448068.186128 251.52 30 U
5834136.17704 448065.15079 251.04 30 U
5834117.96804 448061.844857 250.56 30 U
5834101.53733 448058.693152 249.6 30 U
5834085.43959 448055.612626 249.6 30 U
5834070.11832 448052.74331 249.12 30 U
5834056.57317 448050.231163 248.64 30 U
5834043.46935 448048.061965 248.64 30 U
5834030.80325 448046.573943 247.68 30 U
5834019.35999 448045.166599 247.2 30 U
5834008.25115 448043.69516 246.72 30 U
5833997.70136 448041.959064 246.23 30 U
5833980.38945 448037.985998 244.79 30 U
5833967.19964 448033.447969 243.83 30 U
5833959.24714 448028.086257 244.31 30 U
5833949.07432 448022.294936 244.31 30 U
5833938.17987 448011.151277 243.83 30 U
5833927.34244 447994.663547 243.83 30 U
5833922.77604 447984.737406 244.31 30 U
5833919.44043 447974.147844 243.83 30 U
5833917.44902 447962.693116 243.83 30 U
5833916.354 447950.639065 243.83 30 U
5833916.48546 447938.327489 244.31 30 U
5833916.60973 447926.692374 245.27 30 U
5833916.72173 447916.207242 245.75 30 U
5833917.35893 447898.218157 247.2 30 U
5833919.59888 447886.402696 248.64 30 U
5833923.49649 447875.619775 249.12 30 U
5833928.28472 447864.778741 249.12 30 U
5833936.86717 447852.828202 249.12 30 U
5833945.97325 447843.927709 249.12 30 U
5833954.51812 447835.494816 249.12 30 U
5833963.06952 447826.453145 248.64 30 U
5833972.04197 447819.648561 248.16 30 U
5833983.10396 447815.098915 247.2 30 U
5833999.28554 447810.333487 247.68 30 U
5834012.64389 447799.110882 247.68 30 U
5834027.15226 447784.382739 246.23 30 U
5834034.46788 447776.47814 245.27 30 U
5834042.67047 447768.853677 244.31 30 U
5834051.19953 447761.909258 243.35 30 U
5834061.49961 447755.795664 242.39 30 U
5834071.68195 447750.289699 240.95 30 U
5834082.30125 447745.532608 239.99 30 U
5834093.46874 447741.52558 239.51 30 U
5834105.73768 447738.545147 237.58 30 U
5834118.55335 447736.450054 236.14 30 U
5834132.13606 447735.44561 235.66 30 U
5834146.93289 447735.333648 234.22 30 U
5834162.28226 447735.565864 232.3 30 U
5834177.0675 447736.536183 231.33 30 U
5834191.07047 447737.836362 229.89 30 U
5834203.39844 447739.727425 228.45 30 U
5834216.93763 447742.781507 227.97 30 U
5834226.58441 447745.7262 227.01 30 U
5834238.87178 447751.405159 226.05 30 U
5834249.02326 447759.158325 225.09 30 U
5834257.38488 447767.839366 224.12 30 U
5834266.18493 447777.133915 222.68 30 U
5834280.11764 447784.995136 221.24 30 U
5834292.50358 447781.474786 220.28 30 U
5834305.78846 447766.734451 219.8 30 U
5834313.45159 447757.548749 218.84 30 U
5834321.23031 447747.958425 217.88 30 U
5834327.66411 447739.300786 216.91 30 U
5834335.4465 447729.372318 215.47 30 U
5834343.5481 447720.800263 214.99 30 U
5834351.31456 447712.359937 214.03 30 U
5834359.84007 447705.754269 213.55 30 U
5834368.48409 447698.47342 212.11 30 U
5834378.24334 447690.933975 211.15 30 U
5834389.79394 447682.33143 210.67 30 U
5834399.65356 447675.807835 209.22 30 U
5834410.73094 447669.838516 208.74 30 U
5834422.70255 447663.472945 207.78 30 U
5834435.12418 447656.638712 206.82 30 U
5834447.43313 447649.938597 205.38 30 U
5834459.85115 447643.442627 204.9 30 U
5834471.37277 447637.545876 203.94 30 U
5834481.22373 447631.834143 202.49 30 U
5834490.62469 447626.591119 202.01 30 U
5834500.02637 447621.280478 201.53 30 U
5834510.20451 447616.181139 200.09 30 U
5834520.48225 447612.16522 199.61 30 U
5834529.42012 447608.608434 198.65 30 U
5834537.18824 447600.033339 197.21 30 U
5834544.37403 447593.887235 195.77 30 U
5834553.01603 447586.809778 195.77 30 U
5834554.34651 447576.880267 195.77 30 U
5834546.29921 447580.378908 194.32 30 U
5834533.81274 447593.232521 193.36 30 U
5834516.32157 447605.964758 192.4 30 U
5834504.78101 447613.619962 192.4 30 U
5834492.35132 447621.198003 191.44 30 U
5834480.82095 447627.906347 191.44 30 U
5834471.86566 447633.086526 190.48 30 U
5834462.46689 447638.126668 190.48 30 U
5834453.06886 447643.099191 190.48 30 U
5834444.56723 447647.472543 190.48 30 U
5834433.8366 447652.227852 189.52 30 U
5834421.54435 447657.372295 189.52 30 U
5834404.93002 447660.982122 189.04 30 U
5834378.19861 447664.009819 189.04 30 U
5834367.49558 447666.194921 187.59 30 U
5834356.46613 447667.700052 187.59 30 U
5834345.44756 447668.190589 187.59 30 U
5834327.23374 447665.356772 187.59 30 U
5834310.69857 447661.593882 187.11 30 U
5834295.06053 447657.164116 187.11 30 U
5834278.0906 447652.449424 186.15 30 U
5834259.12722 447646.901503 185.19 30 U
5834237.945 447640.788514 184.23 30 U
5834217.20699 447634.747895 183.75 30 U
5834198.12948 447629.469215 182.79 30 U
5834183.82336 447625.324163 181.83 30 U
5834169.85239 447621.047389 179.9 30 U
5834155.88069 447616.838234 178.94 30 U
5834142.80104 447612.435689 177.5 30 U
5834130.94059 447608.452131 176.54 30 U
5834119.08088 447604.40091 175.1 30 U
5834106.45126 447599.529581 174.14 30 U
5834094.59446 447595.207746 173.17 30 U
5834086.18659 447590.855317 172.21 30 U
5834075.56499 447585.464298 171.25 30 U
5834066.26437 447581.372844 170.29 30 U
5834054.85397 447576.920428 169.33 30 U
5834043.87614 447573.622729 168.85 30 U
5834030.32177 447571.988614 167.89 30 U
5834017.99242 447570.23236 166.45 30 U
5834007.90154 447567.214773 165.96 30 U
5833999.03276 447564.345625 165.48 30 U
5833988.81756 447562.54443 165.96 30 U
5833973.15196 447560.684601 165.96 30 U
5833938.69162 447568.635317 165.96 30 U
5833921.97941 447539.97333 165.96 30 U
5833947.50189 447535.579879 165.0 30 U
5833981.85236 447537.843828 164.52 30 U
5834012.39472 447542.502266 162.6 30 U
5834025.50123 447544.402259 160.68 30 U
5834040.38674 447546.389036 159.72 30 U
5834052.60049 447548.550012 157.79 30 U
5834065.37622 447550.17581 156.83 30 U
5834076.82153 447551.381377 155.87 30 U
5834089.49112 447552.532458 154.43 30 U
5834100.16508 447553.053203 154.91 30 U
5834112.39557 447553.658343 154.43 30 U
5834138.29966 447555.154746 155.87 30 U
5834150.64793 447555.15229 156.35 30 U
5834161.2223 447554.589548 156.83 30 U
5834176.03224 447553.260573 158.27 30 U
5834196.07812 447551.243792 159.72 30 U
5834214.78921 447549.212668 160.2 30 U
5834229.60061 447547.748446 160.68 30 U
5834241.08086 447545.707194 161.16 30 U
5834249.5389 447545.392311 162.12 30 U
5834256.02533 447542.214949 163.08 30 U
5834268.30386 447538.355791 164.52 30 U
5834280.23487 447535.77824 166.45 30 U
5834295.52906 447530.801551 167.89 30 U
5834304.46772 447527.177097 168.37 30 U
5834314.30351 447522.885831 168.37 30 U
5834325.02335 447519.145286 168.85 30 U
5834335.16955 447517.022136 168.85 30 U
5834350.41934 447516.171609 169.81 30 U
5834365.75269 447517.892599 170.29 30 U
5834376.31905 447518.074011 170.77 30 U
5834386.89708 447517.173191 170.77 30 U
5834398.04291 447515.196133 171.25 30 U
5834408.64788 447511.792673 171.73 30 U
5834419.25795 447507.915755 171.73 30 U
5834430.42856 447503.63901 172.69 30 U
5834441.93142 447499.501157 173.17 30 U
5834452.98351 447495.899641 173.66 30 U
5834464.92183 447492.64592 174.14 30 U
5834476.74528 447489.729209 175.1 30 U
5834488.67923 447486.881349 175.58 30 U
5834501.05884 447483.970659 177.02 30 U
5834511.21308 447481.103653 178.46 30 U
5834521.92785 447477.836826 179.42 30 U
5834532.98361 447473.897236 179.9 30 U
5834544.03864 447470.025301 180.87 30 U
5834556.89528 447464.143451 181.83 30 U
5834568.41785 447458.179607 182.31 30 U
5834579.05422 447451.868014 182.31 30 U
5834588.90759 447445.953874 183.27 30 U
5834599.53085 447440.859794 183.75 30 U
5834611.03303 447436.78988 183.75 30 U
5834622.97212 447433.468783 184.71 30 U
5834635.68912 447430.223737 185.19 30 U
5834646.73835 447426.893076 185.67 30 U
5834660.01954 447422.91007 185.19 30 U
5834670.62093 447419.845187 186.15 30 U
5834681.21722 447417.253765 186.15 30 U
5834691.91453 447415.610449 186.63 30 U
5834703.39046 447413.975543 187.59 30 U
5834714.41709 447412.741654 187.59 30 U
5834723.34562 447410.064635 187.59 30 U
5834725.53932 447402.647607 188.08 30 U
5834720.57154 447388.794869 190.0 30 U
5834709.55731 447388.878906 190.0 30 U
5834693.35558 447395.468335 190.48 30 U
5834683.18888 447399.484848 191.44 30 U
5834670.80045 447403.20683 191.92 30 U
5834657.64216 447406.1088 191.92 30 U
5834644.49335 447408.131519 192.4 30 U
5834630.01633 447409.531122 192.88 30 U
5834615.5393 447410.930735 193.36 30 U
5834600.28292 447412.389594 194.32 30 U
5834585.02726 447413.780826 194.8 30 U
5834569.65746 447415.441416 196.73 30 U
5834554.39451 447417.509041 198.17 30 U
5834539.13375 447419.373768 199.61 30 U
5834524.20961 447420.971557 201.05 30 U
5834510.17606 447422.511318 202.01 30 U
5834495.69685 447424.113928 203.46 30 U
5834481.77089 447425.9931 204.9 30 U
5834467.73734 447427.532893 205.86 30 U
5834454.15238 447428.739301 207.3 30 U
5834440.12394 447429.80564 208.74 30 U
5834426.54116 447430.809147 209.22 30 U
5834412.96349 447431.339185 210.67 30 U
5834398.94234 447431.729151 211.15 30 U
5834385.3727 447431.515162 211.63 30 U
5834371.80451 447431.165894 212.59 30 U
5834357.7892 447431.014747 213.55 30 U
5834344.22175 447430.597837 214.03 30 U
5834330.21082 447430.040847 215.95 30 U
5834316.98435 447428.951128 216.43 30 U
5834304.32135 447427.190996 216.91 30 U
5834291.66418 447424.889729 218.84 30 U
5834279.34581 447422.118562 219.8 30 U
5834266.58763 447418.869095 221.24 30 U
5834253.49721 447415.480729 222.2 30 U
5834240.41117 447411.686497 223.64 30 U
5834226.8802 447407.887444 224.61 30 U
5834212.90139 447404.354139 226.05 30 U
5834199.36459 447401.096185 228.45 30 U
5834184.9445 447397.21983 228.93 30 U
5834173.52842 447393.30822 229.89 30 U
5834160.90412 447387.962892 231.33 30 U
5834150.32363 447378.783507 232.3 30 U
5834141.18553 447369.957909 233.74 30 U
5834131.94644 447360.184074 234.7 30 U
5834124.7996 447352.394679 236.14 30 U
5834117.22757 447342.774088 236.62 30 U
5834109.66505 447332.274102 238.54 30 U
5834103.03775 447317.589803 239.51 30 U
5834098.15657 447306.036306 240.95 30 U
5834093.9472 447294.08414 241.91 30 U
5834089.8469 447282.336086 243.83 30 U
5834085.74736 447270.520368 245.27 30 U
5834079.97936 447258.686579 246.23 30 U
5834072.87294 447247.176537 247.68 30 U
5834065.76142 447236.13997 248.16 30 U
5834058.19913 447225.639706 250.08 30 U
5834051.17106 447217.174758 250.56 30 U
5834038.48846 447206.957245 252.0 30 U
5834028.43077 447200.89491 253.93 30 U
5834016.11034 447198.325979 255.85 30 U
5834000.85244 447199.919695 257.77 30 U
5833982.85902 447207.572575 259.21 30 U
5833971.33102 447214.010104 260.17 30 U
5833957.29587 447225.968103 260.17 30 U
5833949.98741 447233.127916 260.65 30 U
5833936.59701 447247.190266 262.1 30 U
5833922.50779 447264.15425 263.06 30 U
5833914.75299 447271.444653 263.06 30 U
5833905.3385 447277.905281 263.54 30 U
5833896.38284 447283.085465 264.02 30 U
5833883.95631 447290.325428 264.98 30 U
5833874.14152 447292.654878 264.98 30 U
5833865.26998 447290.055743 265.46 30 U
5833864.47599 447291.467907 265.94 30 U
5833850.0026 447292.529219 267.86 30 U
5833836.90277 447290.019667 269.31 30 U
5833818.28154 447283.729362 270.27 30 U
5833803.16193 447272.538021 271.23 30 U
5833792.638 447258.14885 272.19 30 U
5833786.41119 447247.59484 273.63 30 U
5833777.16649 447238.36126 276.04 30 U
5833769.96053 447236.050629 277.48 30 U
5833767.94157 447227.301147 279.4 30 U
5833771.5172 447215.567702 280.84 30 U
5833774.18322 447205.651136 281.8 30 U
5833778.1307 447190.403641 282.77 30 U
5833787.57389 447181.304737 282.77 30 U
5833797.47742 447170.790088 284.21 30 U
5833813.23817 447163.857046 285.17 30 U
5833823.45344 447155.375526 285.17 30 U
5833836.30457 447150.034754 284.69 30 U
5833854.54669 447150.232504 285.65 30 U
5833879.63854 447144.550907 287.09 30 U
5833896.62508 447137.428402 287.09 30 U
5833908.20087 447126.593945 287.57 30 U
5833921.17898 447109.550586 288.05 30 U
5833927.27175 447091.417785 287.09 30 U
5833932.95232 447080.519513 287.57 30 U
5833944.0833 447069.680442 286.61 30 U
5833959.8229 447064.709665 287.09 30 U
5833970.11211 447059.679735 287.57 30 U
5833983.73757 447054.753712 288.05 30 U
5833998.56382 447051.938001 287.57 30 U
5834013.48587 447050.544056 287.09 30 U
5834028.29008 447049.757714 287.57 30 U
5834050.74949 447050.881136 288.53 30 U
5834066.08635 447052.265451 289.49 30 U
5834079.64423 447053.562786 289.97 30 U
5834092.75717 447054.855282 291.42 30 U
5834105.09443 447055.868743 291.9 30 U
5834117.76686 447056.750536 293.34 30 U
5834129.21646 447057.551395 294.3 30 U
5834140.66679 447058.284607 295.26 30 U
5834152.12227 447058.544317 296.22 30 U
5834163.58069 447058.533456 297.18 30 U
5834175.94073 447057.44998 297.67 30 U
5834186.52692 447055.806042 298.15 30 U
5834196.33742 447053.883087 298.63 30 U
5834209.95701 447049.498463 298.63 30 U
5834220.99769 447046.980045 298.63 30 U
5834243.02863 447056.825597 297.67 30 U
5834256.85189 447064.417158 297.67 30 U
5834275.90383 447071.997799 299.11 30 U
5834296.63969 447078.176039 300.55 30 U
5834308.06653 447081.07369 301.03 30 U
5834319.49558 447083.768406 301.99 30 U
5834331.81669 447086.269849 303.43 30 U
5834343.58091 447088.832884 304.39 30 U
5834355.4549 447091.532394 305.36 30 U
5834367.77088 447094.507281 305.36 30 U
5834380.08392 447097.752712 306.8 30 U
5834392.72773 447101.272306 307.28 30 U
5834405.3686 447105.062441 307.76 30 U
5834418.88687 447110.012077 308.72 30 U
5834432.51416 447115.165811 309.2 30 U
5834445.58237 447120.584038 309.68 30 U
5834458.65498 447125.596405 310.16 30 U
5834470.95264 447130.26211 310.64 30 U
5834483.58694 447134.660857 311.6 30 U
5834495.88901 447138.920688 311.6 30 U
5834507.74909 447142.905122 313.05 30 U
5834518.72737 447146.135873 313.53 30 U
5834529.71813 447148.216771 314.01 30 U
5834540.72135 447149.147825 315.45 30 U
5834552.18271 447148.866228 316.41 30 U
5834564.1044 447147.169079 316.41 30 U
5834576.81279 447144.736376 317.37 30 U
5834589.18748 447142.300068 316.89 30 U
5834601.1099 447140.535314 316.89 30 U
5834613.02206 447139.717479 317.37 30 U
5834623.15376 447138.947984 317.85 30 U
5834633.40623 447137.300429 317.85 30 U
5834644.00488 447134.506688 318.33 30 U
5834654.61893 447130.292608 318.33 30 U
5834664.91102 447124.992756 318.33 30 U
5834674.75452 447120.026277 317.85 30 U
5834685.36125 447116.488611 317.85 30 U
5834695.95036 447114.574207 317.85 30 U
5834706.63163 447114.419532 317.37 30 U
5834717.18478 447115.819257 316.89 30 U
5834728.16966 447118.44123 317.37 30 U
5834740.48273 447121.686386 315.93 30 U
5834757.79172 447125.865076 315.45 30 U
5834772.65801 447129.611388 314.97 30 U
5834787.4138 447133.288837 314.01 30 U
5834801.39169 447136.890186 313.05 30 U
5834814.92613 447140.351423 313.05 30 U
5834828.90844 447143.546933 312.57 30 U
5834842.11798 447146.192916 313.05 30 U
5834855.66709 447148.30144 313.05 30 U
5834869.21987 447150.071789 312.57 30 U
5834882.77632 447151.503966 312.57 30 U
5834896.3423 447152.056914 313.53 30 U
5834909.47729 447151.320021 313.53 30 U
5834922.62548 447149.365755 314.97 30 U
5834935.00751 447146.253313 315.93 30 U
5834946.06575 447142.111934 317.37 30 U
5834957.1218 447138.17347 318.33 30 U
5834967.84195 447134.434298 319.78 30 U
5834979.33486 447131.244642 321.22 30 U
5834989.94085 447127.774822 321.7 30 U
5835000.99691 447123.836428 323.14 30 U
5835011.71414 447120.367848 324.1 30 U
5835022.30546 447118.250692 325.06 30 U
5835033.76242 447118.375011 325.54 30 U
5835045.6489 447119.924397 326.5 30 U
5835057.07505 447122.889185 326.99 30 U
5835068.03939 447127.404624 327.95 30 U
5835078.10947 447132.31617 328.43 30 U
5835092.45968 447142.617504 329.87 30 U
5835103.8609 447147.881619 331.31 30 U
5835114.10898 447146.640013 331.79 30 U
5835120.11581 447136.424284 331.79 30 U
5835118.61607 447120.851421 333.23 30 U
5835113.59624 447111.86881 334.68 30 U
5835105.68071 447103.192936 335.64 30 U
5835095.56624 447092.125843 337.56 30 U
5835083.80533 447079.011689 338.04 30 U
5835070.83118 447064.937362 340.44 30 U
5835055.28403 447052.187769 342.85 30 U
5835038.38962 447040.573309 344.29 30 U
5835029.56524 447033.645912 344.77 30 U
5835021.19095 447026.249912 345.25 30 U
5835014.49178 447018.263347 346.21 30 U
5835007.79409 447010.141498 346.69 30 U
5835001.10082 447001.613841 347.17 30 U
5834994.41346 446992.545112 348.13 30 U
5834987.72905 446983.205832 348.62 30 U
5834981.04613 446973.731264 349.58 30 U
5834975.13966 446964.468038 350.06 30 U
5834976.14582 446953.791961 350.54 30 U
5834977.56007 446936.288751 351.5 30 U
5834973.51293 446919.740657 352.94 30 U
5834966.11045 446904.846968 353.42 30 U
5834960.62177 446898.090846 353.42 30 U
5834953.4565 446892.060476 354.38 30 U
5834945.50892 446886.359762 354.38 30 U
5834936.22214 446881.050272 354.86 30 U
5834925.59246 446876.470167 354.38 30 U
5834915.06886 446872.36468 354.86 30 U
5834905.33126 446867.591341 354.38 30 U
5834896.49091 446862.15136 353.9 30 U
5834884.282 446849.36943 352.46 30 U
5834876.86793 446835.557486 352.94 30 U
5834878.69432 446821.102275 353.42 30 U
5834883.5388 446805.327199 352.46 30 U
5834892.61977 446788.719079 351.5 30 U
5834903.03854 446771.855069 351.98 30 U
5834912.13588 446753.759166 351.02 30 U
5834916.1055 446736.621893 350.54 30 U
5834917.13508 446723.849125 349.58 30 U
5834917.69462 446713.370993 348.13 30 U
5834917.82996 446700.994294 345.25 30 U
5834917.95053 446689.970241 345.25 30 U
5834918.09185 446677.052485 343.33 30 U
5834901.67583 446662.465437 342.85 30 U
5834895.01648 446650.893646 341.89 30 U
5834892.59289 446638.55651 340.92 30 U
5834893.17038 446626.45515 339.48 30 U
5834893.30224 446614.416551 339.0 30 U
5834893.88424 446601.909399 339.0 30 U
5834894.35726 446589.198132 337.56 30 U
5834895.8329 446576.362577 336.12 30 U
5834898.08719 446563.535565 335.16 30 U
5834896.11988 446550.188781 333.71 30 U
5834897.48958 446536.878592 332.75 30 U
5834901.85739 446524.074791 330.83 30 U
5834907.55039 446512.164882 330.35 30 U
5834914.90002 446501.355434 329.87 30 U
5834921.80104 446490.879294 328.43 30 U
5834929.47848 446480.61463 326.99 30 U
5834936.81927 446470.616861 326.99 30 U
5834945.51344 446458.942989 326.99 30 U
5834957.50623 446440.676697 324.58 30 U
5834964.06773 446430.738119 324.1 30 U
5834970.06788 446421.266873 324.58 30 U
5834975.29092 446411.651827 324.1 30 U
5834980.51769 446401.698643 324.58 30 U
5834984.4149 446391.257379 324.58 30 U
5834987.54317 446379.928358 324.1 30 U
5834988.89026 446368.715029 324.1 30 U
5834989.46322 446357.087347 324.58 30 U
5834988.70663 446344.971554 324.58 30 U
5834987.17218 446332.77955 323.62 30 U
5834985.19134 446320.7179 324.58 30 U
5834981.87574 446308.641535 324.1 30 U
5834979.56201 446296.508553 323.62 30 U
5834977.92018 446283.977126 323.62 30 U
5834977.6087 446271.866194 322.66 30 U
5834977.40699 446259.89175 322.66 30 U
5834978.75958 446248.205006 322.18 30 U
5834981.88595 446237.078951 321.7 30 U
5834985.78052 446226.908341 322.18 30 U
5834989.67363 446216.873009 322.18 30 U
5834994.8993 446207.05532 321.7 30 U
5835001.35827 446196.371955 321.7 30 U
5835009.15727 446185.229941 321.22 30 U
5835016.9563 446174.087962 321.7 30 U
5835024.64338 446163.01242 320.74 30 U
5835032.44171 446151.938143 320.74 30 U
5835040.67977 446141.342231 320.74 30 U
5835047.91376 446131.005812 321.22 30 U
5835055.69497 446121.487137 321.7 30 U
5835063.46798 446112.712425 322.18 30 U
5835070.79307 446104.203341 322.66 30 U
5835078.00247 446096.098833 322.66 30 U
5835085.76803 446088.000501 322.66 30 U
5835093.09392 446079.423864 322.66 30 U
5835100.42581 446070.306214 323.14 30 U
5835107.31504 446060.980778 324.1 30 U
5835112.86799 446051.775852 324.58 30 U
5835116.86596 446042.350815 325.06 30 U
5835119.97932 446032.442533 326.5 30 U
5835122.98222 446022.465403 326.5 30 U
5835127.43382 446002.223404 328.43 30 U
5835128.43535 445992.156488 328.91 30 U
5835126.52732 445973.602611 329.39 30 U
5835123.64702 445962.478087 329.39 30 U
5835122.54346 445951.643807 330.83 30 U
5835120.5328 445942.355128 330.83 30 U
5835115.98633 445931.009171 330.83 30 U
5835108.02245 445916.852111 330.83 30 U
5835103.00483 445907.868203 330.83 30 U
5835096.77944 445897.450466 330.35 30 U
5835089.67247 445886.278893 329.39 30 U
5835082.67976 445874.838002 329.39 30 U
5835075.5781 445863.192952 328.91 30 U
5835067.58961 445851.26746 328.43 30 U
5835058.04014 445839.662774 328.43 30 U
5835047.92927 445828.525274 328.43 30 U
5835037.81316 445817.861142 327.95 30 U
5835028.24798 445807.676566 327.95 30 U
5835018.12214 445797.891551 327.47 30 U
5835008.43523 445788.652492 327.95 30 U
5834998.85355 445779.955685 326.99 30 U
5834987.81984 445771.783803 326.5 30 U
5834976.44944 445763.878698 325.54 30 U
5834965.07529 445756.311715 325.54 30 U
5834953.36369 445749.079141 323.62 30 U
5834941.53635 445742.251087 323.62 30 U
5834929.26559 445735.282782 322.18 30 U
5834917.43677 445728.589927 320.74 30 U
5834905.26898 445722.36675 320.26 30 U
5834892.53901 445716.678411 318.81 30 U
5834880.35993 445711.469667 317.85 30 U
5834867.61566 445707.066299 317.37 30 U
5834855.41249 445704.021768 315.93 30 U
5834843.53321 445701.860174 315.45 30 U
5834832.87599 445699.84747 314.97 30 U
5834820.21358 445698.082984 313.53 30 U
5834805.76315 445697.042634 313.05 30 U
5834794.29792 445697.658957 313.53 30 U
5834783.29268 445696.927558 313.53 30 U
5834771.06766 445695.844352 313.05 30 U
5834759.18613 445693.88561 313.05 30 U
5834746.84762 445693.004057 313.53 30 U
5834735.84013 445692.475548 313.53 30 U
5834724.38996 445691.739174 313.53 30 U
5834687.82056 445698.975459 317.85 30 U
5834674.68684 445699.573222 318.81 30 U
5834661.91998 445697.198728 319.3 30 U
5834650.94489 445693.761876 320.74 30 U
5834640.77707 445687.76351 321.7 30 U
5834631.52475 445679.475402 322.66 30 U
5834623.17587 445669.979727 323.62 30 U
5834614.36699 445661.83179 324.58 30 U
5834606.00985 445653.080054 326.02 30 U
5834599.33705 445642.926524 326.99 30 U
5834593.89689 445631.974971 327.47 30 U
5834589.35188 445620.559864 328.91 30 U
5834585.25335 445609.014426 329.87 30 U
5834582.05149 445596.870167 329.87 30 U
5834579.18639 445584.45907 331.79 30 U
5834577.99508 445571.593129 333.23 30 U
5834578.1386 445558.74209 334.2 30 U
5834579.17353 445545.765719 335.16 30 U
5834581.42978 445533.005936 336.6 30 U
5834583.68304 445520.516712 338.04 30 U
5834585.93481 445508.162774 339.0 30 U
5834588.17755 445496.620489 340.92 30 U
5834590.4135 445485.686947 341.41 30 U
5834591.86555 445475.218161 342.85 30 U
5834592.42777 445464.739426 343.81 30 U
5834594.74782 445446.298218 346.69 30 U
5834597.4379 445434.558051 347.65 30 U
5834599.65809 445425.044927 349.1 30 U
5834603.08216 445417.304069 351.02 30 U
5834460.47237 445416.586487 354.38 30 U
5834447.37346 445414.072148 355.34 30 U
5834433.81447 445412.905594 356.31 30 U
5834420.69738 445412.014574 356.79 30 U
5834408.81067 445410.528498 357.27 30 U
5834397.81684 445408.781824 356.79 30 U
5834386.8412 445405.411789 358.23 30 U
5834375.8792 445400.824223 359.19 30 U
5834364.81582 445395.35607 359.19 30 U
5834353.8758 445388.806896 359.19 30 U
5834343.39512 445380.977512 358.23 30 U
5834335.80194 445373.586348 357.75 30 U
5834329.56631 445364.180905 357.27 30 U
5834324.98857 445355.741111 358.71 30 U
5834318.30577 445346.533558 358.71 30 U
5834310.28516 445337.581575 359.19 30 U
5834300.32308 445323.195833 360.15 30 U
5834294.08148 445314.331385 360.15 30 U
5834286.51876 445304.234398 360.63 30 U
5834278.18503 445293.452229 360.15 30 U
5834268.95539 445283.201166 359.67 30 U
5834259.72122 445273.355912 359.67 30 U
5834251.37844 445263.385331 360.63 30 U
5834242.93205 445252.737049 361.11 30 U
5834234.60603 445241.278277 361.11 30 U
5834227.50816 445229.427362 360.15 30 U
5834221.29865 445217.721696 361.11 30 U
5834215.86399 445206.362963 360.63 30 U
5834212.20908 445195.024213 360.15 30 U
5834209.34651 445182.476641 360.15 30 U
5834207.38448 445168.992072 359.67 30 U
5834205.42478 445155.304565 358.71 30 U
5834202.56992 445142.080528 358.23 30 U
5834198.93115 445129.321207 357.75 30 U
5834195.28784 445116.967721 356.79 30 U
5834192.86507 445104.898565 356.31 30 U
5834191.66512 445092.910819 355.83 30 U
5834190.12236 445081.731018 354.86 30 U
5834188.12707 445071.222621 354.86 30 U
5834185.68307 445061.047413 353.9 30 U
5834182.01324 445051.06133 353.9 30 U
5834177.45205 445041.200485 353.9 30 U
5834170.32263 445032.190129 353.42 30 U
5834161.95974 445024.045305 351.98 30 U
5834154.82119 445015.846611 351.5 30 U
5834148.5748 445007.455002 351.02 30 U
5834143.55656 444998.671318 350.54 30 U
5834138.20868 444979.668471 351.02 30 U
5834137.09889 444969.575822 350.06 30 U
5834137.2142 444959.361695 349.1 30 U
5834139.52469 444941.933614 347.65 30 U
5834141.32918 444929.911975 347.17 30 U
5834142.79159 444918.630648 346.69 30 U
5834138.65955 444910.195132 348.62 30 U
5834129.70401 444905.290638 348.13 30 U
5834114.07759 444900.040118 349.1 30 U
5834104.44856 444895.669187 348.13 30 U
5834094.72435 444889.876462 347.17 30 U
5834086.67934 444883.155562 346.69 30 U
5834079.19661 444875.899778 346.21 30 U
5834072.05449 444868.038947 344.77 30 U
5834065.35883 444860.047838 343.81 30 U
5834058.22744 444851.239942 342.85 30 U
5834051.54712 444841.895899 341.89 30 U
5834044.87064 444832.213608 340.92 30 U
5834037.75231 444822.255675 339.96 30 U
5834031.082 444812.032172 339.48 30 U
5834024.41171 444801.80864 338.04 30 U
5834017.73914 444791.788015 337.08 30 U
5834011.50769 444782.110627 336.12 30 U
5834004.82674 444772.834045 335.16 30 U
5833997.24904 444764.15616 334.68 30 U
5833989.2157 444756.420242 333.71 30 U
5833981.7347 444749.028828 332.27 30 U
5833967.87125 444735.476162 330.83 30 U
5833947.60931 444726.992617 328.43 30 U
5833925.92056 444726.611408 328.91 30 U
5833915.32666 444728.859223 328.91 30 U
5833907.60562 444732.830996 327.95 30 U
5833899.09983 444737.335128 327.95 30 U
5833890.59251 444741.974569 327.95 30 U
5833881.19226 444746.874529 328.43 30 U
5833871.78973 444751.977449 327.95 30 U
5833862.3803 444757.689213 327.47 30 U
5833852.51981 444763.937135 326.5 30 U
5833843.1035 444770.257771 326.99 30 U
5833833.69103 444776.240195 325.54 30 U
5833824.27626 444782.425584 325.54 30 U
5833814.52398 444788.945458 324.1 30 U
5833804.21938 444795.120821 324.1 30 U
5833794.36967 444800.421825 323.62 30 U
5833784.64651 444804.371147 323.14 30 U
5833774.82208 444807.439798 323.14 30 U
5833755.66028 444809.861508 323.14 30 U
5833736.97709 444809.311728 322.18 30 U
5833719.20828 444806.60725 321.22 30 U
5833699.80008 444801.313192 320.26 30 U
5833688.71669 444797.669489 319.3 30 U
5833676.52787 444793.404329 318.81 30 U
5833664.23242 444788.731989 317.85 30 U
5833651.60864 444783.582299 316.89 30 U
5833638.8767 444778.160721 316.41 30 U
5833625.81567 444772.329435 315.93 30 U
5833613.53633 444766.236337 314.49 30 U
5833600.92408 444760.071777 314.01 30 U
5833588.64859 444753.640364 312.09 30 U
5833576.04555 444746.66393 311.12 30 U
5833562.99912 444739.547116 310.16 30 U
5833549.8407 444732.496654 308.72 30 U
5833537.24153 444725.181855 307.76 30 U
5833524.97529 444717.938453 306.32 30 U
5833513.26906 444710.363063 305.36 30 U
5833502.23944 444701.983381 304.39 30 U
5833490.88535 444692.78805 302.95 30 U
5833479.98004 444683.259463 302.47 30 U
5833469.07399 444673.798485 301.03 30 U
5833458.16411 444664.67573 299.11 30 U
5833447.58257 444656.030291 298.15 30 U
5833437.99752 444647.802097 296.7 30 U
5833429.52174 444639.857113 295.74 30 U
5833422.8303 444631.526391 294.3 30 U
5833417.4798 444622.669579 293.82 30 U
5833412.4684 444613.342965 292.86 30 U
5833407.90501 444603.750774 291.9 30 U
5833404.68181 444593.700157 291.42 30 U
5833403.46235 444583.536974 289.97 30 U
5833402.35644 444573.17209 289.01 30 U
5833400.69748 444562.530264 288.53 30 U
5833448.8352 444477.350351 281.32 30 U
5833448.53357 444464.76186 280.36 30 U
5833448.22196 444453.052853 279.4 30 U
5833448.81951 444439.662664 278.44 30 U
5833449.86819 444425.736325 277.48 30 U
5833450.01085 444413.220556 276.04 30 U
5833449.26138 444400.897599 274.59 30 U
5833448.97693 444386.820738 273.15 30 U
5833448.68711 444373.217445 272.19 30 U
5833448.83686 444360.092797 271.23 30 U
5833449.4254 444347.514449 269.31 30 U
5833450.00779 444335.477327 268.35 30 U
5833451.35801 444324.396237 267.38 30 U
5833455.81659 444313.891944 266.42 30 U
5833460.59806 444304.338619 264.98 30 U
5833469.68907 444287.594779 262.1 30 U
5833478.27878 444275.784544 261.14 30 U
5833488.59409 444268.730353 261.14 30 U
5833478.86521 444263.409236 261.62 30 U
5833459.649 444270.564682 256.81 30 U
5833444.76312 444278.44629 256.81 30 U
5833435.38406 444281.451554 257.29 30 U
5833429.2268 444294.575271 255.85 30 U
5833427.84945 444308.024264 254.41 30 U
5833427.28168 444318.77603 252.48 30 U
5833426.6923 444331.422086 252.48 30 U
5833426.56255 444342.787813 251.52 30 U
5833426.88239 444353.752699 251.04 30 U
5833426.29078 444366.601717 251.04 30 U
5833424.88432 444382.621555 249.6 30 U
5833423.81546 444398.30694 250.08 30 U
5833410.5088 444414.055808 250.56 30 U
5833402.59783 444434.670273 249.6 30 U
5833396.07183 444450.902528 251.04 30 U
5833381.43595 444466.162849 250.08 30 U
5833372.85904 444476.89119 249.6 30 U
5833365.51726 444486.618688 250.08 30 U
5833356.51395 444495.718336 250.56 30 U
5833346.62542 444504.401966 250.56 30 U
5833335.51566 444512.868744 252.0 30 U
5833324.85162 444521.27297 251.52 30 U
5833314.96159 444530.092018 252.96 30 U
5833307.18115 444539.273413 253.44 30 U
5833300.29443 444548.126683 253.44 30 U
5833294.29373 444557.328371 253.93 30 U
5833289.06783 444566.877207 256.33 30 U
5833283.8012 444580.011784 256.81 30 U
5833294.78371 444592.519058 256.81 30 U
5833303.58158 444601.482952 257.29 30 U
5833311.03239 444611.514128 257.29 30 U
5833318.5906 444621.884809 257.29 30 U
5833326.14961 444632.187803 256.81 30 U
5833333.5928 444642.895429 257.29 30 U
5833342.82033 444653.217297 256.81 30 U
5833351.60833 444663.060498 256.33 30 U
5833360.39712 444672.83601 256.81 30 U
5833368.85146 444682.675355 256.81 30 U
5833377.63491 444692.924373 257.29 30 U
5833386.86332 444703.1784 256.81 30 U
5833395.19499 444714.031181 257.29 30 U
5833403.18838 444725.286063 257.29 30 U
5833410.62563 444736.534604 256.81 30 U
5833418.61908 444747.789413 257.77 30 U
5833426.05409 444759.240843 257.77 30 U
5833434.04911 444770.360273 257.77 30 U
5833441.59694 444781.677586 258.25 30 U
5833449.48385 444792.525073 259.21 30 U
5833457.37308 444803.169567 260.65 30 U
5833466.26802 444813.419441 261.14 30 U
5833475.49668 444823.673055 262.58 30 U
5833484.28196 444833.786291 262.58 30 U
5833493.0642 444844.170099 264.02 30 U
5833502.29598 444854.15299 264.5 30 U
5833511.08668 444863.792553 264.98 30 U
5833520.32845 444872.895897 264.5 30 U
5833529.57635 444881.457993 264.5 30 U
5833538.3801 444889.947377 264.5 30 U
5833546.74582 444897.822839 263.54 30 U
5833554.67503 444904.949083 262.58 30 U
5833562.27361 444911.800929 262.1 30 U
5833569.42345 444918.985982 262.1 30 U
5833577.01517 444926.446645 261.62 30 U
5833584.93296 444934.587562 261.14 30 U
5833593.29493 444942.801127 260.17 30 U
5833602.21537 444950.817992 259.21 30 U
5833611.35752 444958.90499 258.73 30 U
5833620.60939 444967.128514 258.25 30 U
5833629.86661 444974.878455 256.81 30 U
5833638.35668 444981.604829 256.33 30 U
5833646.73857 444988.059325 255.85 30 U
5833655.12276 444994.310849 255.37 30 U
5833663.50849 445000.427052 254.41 30 U
5833680.39883 445011.984155 253.44 30 U
5833688.45927 445017.35239 253.44 30 U
5833703.59815 445026.38629 252.48 30 U
5833717.97292 445034.126025 251.52 30 U
5833732.25705 445040.037943 249.6 30 U
5833742.48508 445040.626841 248.16 30 U
5833750.95703 445039.09857 248.64 30 U
5833764.10913 445036.878838 246.23 30 U
5833775.59579 445034.369716 246.23 30 U
5833789.21646 445030.057937 245.75 30 U
5833800.75195 445023.219381 245.75 30 U
5833811.10433 445012.781728 245.27 30 U
5833821.48573 444999.773512 244.79 30 U
5833830.53772 444986.276757 245.27 30 U
5833841.2567 444972.934178 245.27 30 U
5833849.82947 444962.476629 244.79 30 U
5833857.15351 444954.237655 245.27 30 U
5833868.68834 444947.467023 245.75 30 U
5833878.43476 444951.29813 245.27 30 U
5833882.08301 444963.179016 245.75 30 U
5833881.95549 444974.476025 245.27 30 U
5833883.13225 444988.493966 244.79 30 U
5833884.67098 445000.012735 244.79 30 U
5833887.09121 445012.285647 244.79 30 U
5833890.72968 445025.04587 245.75 30 U
5833895.28855 445035.110242 245.27 30 U
5833901.97534 445043.913135 246.23 30 U
5833911.22126 445052.677192 247.2 30 U
5833920.92431 445060.363891 247.68 30 U
5833930.17406 445068.789653 247.68 30 U
5833938.08066 445077.944451 248.64 30 U
5833940.04777 445090.956281 249.12 30 U
5833940.80736 445102.533758 249.12 30 U
5833938.97969 445116.652975 250.08 30 U
5833936.71095 445130.428964 251.04 30 U
5833934.01177 445142.914684 251.52 30 U
5833931.35296 445151.815176 252.48 30 U
5833928.22413 445162.942995 252.48 30 U
5833924.76315 445173.931782 252.96 30 U
5833920.72245 445187.011364 253.44 30 U
5833918.03939 445198.076583 253.93 30 U
5833916.22721 445210.842971 254.41 30 U
5833915.66369 445221.390789 254.89 30 U
5833914.76423 445232.137799 254.89 30 U
5833912.86825 445242.467691 255.37 30 U
5833909.83946 445254.611551 255.37 30 U
5833906.68808 445267.768872 255.85 30 U
5833905.62434 445283.249908 256.33 30 U
5833904.27477 445294.465482 256.81 30 U
5833902.04067 445305.197553 257.77 30 U
5833898.09487 445319.766769 258.25 30 U
5833893.26684 445333.649565 258.73 30 U
5833887.58918 445343.937139 259.21 30 U
5833883.736 445350.253531 261.14 30 U
5833879.26071 445362.448967 261.14 30 U
5833871.13221 445373.047419 261.62 30 U
5833870.10669 445385.146241 262.58 30 U
5833876.75623 445397.331027 264.02 30 U
5833885.18627 445409.468061 264.98 30 U
5833892.33078 445417.193083 265.46 30 U
5833900.25014 445425.265031 267.38 30 U
5833909.95075 445433.221579 269.31 30 U
5833920.86281 445442.274128 270.75 30 U
5833934.32567 445452.031723 271.71 30 U
5833949.48881 445458.966806 272.67 30 U
5833966.92731 445461.394482 273.15 30 U
5833985.16033 445462.410302 274.59 30 U
5834002.98172 445460.444757 276.04 30 U
5834022.19466 445453.420804 277.0 30 U
5834038.76907 445443.593608 277.48 30 U
5834057.20348 445426.616106 278.44 30 U
5834065.40977 445418.99557 278.44 30 U
5834080.32941 445407.932306 278.44 30 U
5834093.57893 445406.930592 278.92 30 U
5834102.41389 445412.712312 278.92 30 U
5834107.41243 445423.322007 278.44 30 U
5834111.50977 445434.936372 278.44 30 U
5834119.31562 445453.154451 277.48 30 U
5834123.40925 445465.106979 276.52 30 U
5834127.16468 445477.461614 275.56 30 U
5834131.25232 445489.955247 275.07 30 U
5834135.77509 445503.333194 274.59 30 U
5834140.29638 445516.846402 273.15 30 U
5834144.81847 445530.291942 272.19 30 U
5834149.34589 445543.263955 271.23 30 U
5834152.98272 445556.293648 269.79 30 U
5834155.83945 445569.449913 268.83 30 U
5834156.9082 445583.330367 267.86 30 U
5834156.77079 445595.641373 267.38 30 U
5834155.40985 445607.938727 266.9 30 U
5834153.15909 445620.226161 266.9 30 U
5834151.2413 445632.58497 266.42 30 U
5834149.4295 445645.41853 267.38 30 U
5834148.84656 445657.792237 267.38 30 U
5834149.60674 445669.43675 267.86 30 U
5834151.59728 445680.486105 267.86 30 U
5834154.02977 445691.81098 267.38 30 U
5834157.24919 445702.400444 266.42 30 U
5834161.71756 445720.716038 264.5 30 U
5834162.02242 445733.302554 263.54 30 U
5834161.45401 445744.391022 262.1 30 U
5834161.01868 445753.519089 262.1 30 U
5834165.55798 445765.4762 261.14 30 U
5834175.13135 445774.918545 259.69 30 U
5834186.09596 445779.302513 259.21 30 U
5834200.0977 445780.675961 258.73 30 U
5834215.45454 445780.237913 258.25 30 U
5834234.96159 445776.734123 256.33 30 U
5834246.44712 445774.291181 255.37 30 U
5834258.82326 445771.790509 253.93 30 U
5834271.52934 445769.63177 253.93 30 U
5834284.34665 445767.47428 252.48 30 U
5834297.05423 445765.180283 251.52 30 U
5834308.98846 445762.40415 249.6 30 U
5834320.48228 445759.217237 248.64 30 U
5834330.63604 445756.48897 247.2 30 U
5834348.092 445757.359703 246.72 30 U
5834359.87345 445768.314554 246.72 30 U
5834369.82555 445783.713789 247.2 30 U
5834377.77025 445799.564178 246.23 30 U
5834386.96864 445812.722528 247.2 30 U
5834398.24289 445829.286293 246.72 30 U
5834404.03298 445838.82133 245.27 30 U
5834409.04371 445848.415333 246.23 30 U
5834414.05822 445857.67112 245.75 30 U
5834419.40419 445867.133512 245.75 30 U
5834426.08571 445876.543064 245.27 30 U
5834433.66087 445885.624275 244.31 30 U
5834442.4611 445894.583761 243.35 30 U
5834451.71229 445903.007042 242.39 30 U
5834461.41142 445911.164674 241.43 30 U
5834471.00234 445919.050487 240.47 30 U
5834481.15243 445926.671884 239.51 30 U
5834490.8561 445934.423592 238.06 30 U
5834501.79084 445941.512458 237.1 30 U
5834512.28517 445948.190532 235.66 30 U
5834521.11401 445954.579526 234.7 30 U
5834529.95861 445959.548105 234.22 30 U
5834547.80855 445965.022375 233.26 30 U
5834565.18181 445963.320899 234.22 30 U
5834575.43395 445961.743423 235.18 30 U
5834586.02878 445959.358011 235.66 30 U
5834596.29066 445956.901274 234.7 30 U
5834608.99216 445955.148048 234.7 30 U
5834620.52111 445948.781987 235.18 30 U
5834642.71167 445934.011004 235.66 30 U
5834654.2504 445926.765772 236.14 30 U
5834665.77413 445920.873291 236.14 30 U
5834678.16747 445916.816874 237.58 30 U
5834691.33343 445913.310203 238.54 30 U
5834706.28061 445909.688033 239.51 30 U
5834723.69669 445904.13163 241.43 30 U
5834742.0319 445895.947392 242.87 30 U
5834757.43229 445891.586276 243.83 30 U
5834771.0387 445888.490482 245.75 30 U
5834783.75225 445885.655363 246.72 30 U
5834794.79055 445883.410439 247.68 30 U
5834807.14787 445882.600659 248.16 30 U
5834828.70069 445885.207441 249.6 30 U
5834838.88827 445889.446703 250.08 30 U
5834848.61817 445894.830773 250.08 30 U
5834857.43869 445901.963406 249.6 30 U
5834864.90491 445910.839659 249.6 30 U
5834871.59027 445919.910143 249.12 30 U
5834877.94195 445928.9769 249.12 30 U
5834882.51093 445938.294423 248.64 30 U
5834886.19156 445947.466793 249.12 30 U
5834890.66309 445965.57653 248.64 30 U
5834892.57933 445983.387347 247.68 30 U
5834891.13468 446003.325421 246.23 30 U
5834889.67627 446014.470025 244.31 30 U
5834886.2097 446026.133524 243.35 30 U
5834872.50677 446037.954264 241.43 30 U
5834860.47985 446049.117211 239.99 30 U
5834850.57386 446059.627271 238.54 30 U
5834841.1188 446069.60123 237.1 30 U
5834831.22333 446079.164505 236.14 30 U
5834820.55523 446088.178137 234.7 30 U
5834809.89463 446096.515471 233.74 30 U
5834800.0209 446104.117479 231.81 30 U
5834790.61156 446109.965952 230.85 30 U
5834781.65089 446115.481196 230.37 30 U
5834770.13487 446120.697642 229.89 30 U
5834760.29258 446125.459115 228.45 30 U
5834750.45253 446130.017704 227.97 30 U
5834741.49936 446134.856685 226.53 30 U
5834731.29873 446141.846479 225.09 30 U
5834723.55194 446148.254625 223.64 30 U
5834715.78125 446156.827115 222.68 30 U
5834708.89819 446165.612366 221.72 30 U
5834702.4429 446175.958167 220.28 30 U
5834697.20821 446186.588046 218.36 30 U
5834692.42817 446196.343599 217.4 30 U
5834688.06995 446208.20078 216.43 30 U
5834685.05997 446218.855272 215.47 30 U
5834682.73383 446228.029157 214.51 30 U
5834680.15988 446239.500206 213.07 30 U
5834678.27274 446249.220102 211.63 30 U
5834673.93553 446259.183565 210.67 30 U
5834663.40349 446255.88817 209.7 30 U
5834652.50111 446245.824259 208.26 30 U
5834643.25232 446237.13143 207.78 30 U
5834634.0125 446227.626934 206.34 30 U
5834623.88359 446218.044947 204.9 30 U
5834614.172 446210.97038 203.46 30 U
5834605.32715 446206.002342 202.49 30 U
5834594.34723 446202.972426 202.01 30 U
5834587.61057 446198.50114 201.05 30 U
5834592.40255 446187.663184 201.05 30 U
5834600.97571 446176.934648 199.61 30 U
5834605.75802 446166.976018 198.17 30 U
5834603.77161 446155.454448 197.21 30 U
5834597.06489 446148.277635 199.13 30 U
5834586.54787 446143.629214 198.65 30 U
5834575.59041 446138.570035 197.69 30 U
5834565.44298 446130.678678 197.69 30 U
5834558.7677 446120.66101 197.21 30 U
5834557.70042 446106.511293 195.77 30 U
5834561.16904 446094.644037 195.28 30 U
5834565.19159 446082.98586 193.36 30 U
5834564.43268 446071.139508 193.36 30 U
5834556.03589 446065.90554 193.36 30 U
5834545.77406 446068.362529 193.84 30 U
5834534.24079 446075.134798 192.88 30 U
5834521.04801 446081.076989 191.92 30 U
5834506.97062 446086.535905 190.48 30 U
5834495.01863 446090.936017 189.04 30 U
5834483.52129 446094.461774 187.59 30 U
5834469.90306 446098.640562 186.63 30 U
5834457.95631 446102.567269 185.67 30 U
5834444.32836 446107.625409 185.19 30 U
5834430.2525 446112.949215 184.23 30 U
5834403.45353 446121.988331 182.31 30 U
5834390.27875 446126.307467 180.87 30 U
5834376.20516 446131.428472 179.9 30 U
5834362.1353 446136.211306 177.98 30 U
5834349.74665 446139.862722 177.5 30 U
5834337.01832 446144.051594 176.54 30 U
5834325.08954 446146.355155 174.62 30 U
5834311.94469 446147.968805 173.66 30 U
5834299.14175 446148.842101 171.73 30 U
5834287.34139 446149.591181 171.73 30 U
5834274.97815 446150.942891 170.77 30 U
5834263.04116 446153.990558 169.33 30 U
5834251.53566 446158.260703 169.33 30 U
5834240.47135 446162.873991 168.37 30 U
5834233.16953 446169.287751 167.41 30 U
5834219.093 446174.679624 165.96 30 U
5834206.35723 446179.545129 165.0 30 U
5834194.40608 446183.878118 165.0 30 U
5834184.12864 446187.756049 163.08 30 U
5834173.09198 446189.866695 162.12 30 U
5834159.51715 446190.122757 160.68 30 U
5834147.60483 446190.938382 160.2 30 U
5834134.02551 446191.600309 159.24 30 U
5834121.79368 446191.127038 158.27 30 U
5834109.89106 446191.063309 157.31 30 U
5834097.98546 446191.270155 155.87 30 U
5834086.51882 446192.023065 154.43 30 U
5834076.28095 446192.315976 153.47 30 U
5834064.82327 446192.257164 152.99 30 U
5834040.70973 446189.826124 151.06 30 U
5834028.38757 446187.457568 151.06 30 U
5834001.10517 446159.689198 147.7 30 U
5833987.58562 446154.939454 149.14 30 U
5833975.39265 446150.948528 150.1 30 U
5833962.19485 446147.284753 151.06 30 U
5833950.76631 446144.587658 151.54 30 U
5833936.88543 446142.337039 152.03 30 U
5833925.00299 446140.446758 151.54 30 U
5833912.23145 446138.478991 151.06 30 U
5833897.45921 446136.353801 151.54 30 U
5833883.46337 446134.440143 151.54 30 U
5833868.57916 446132.381348 150.58 30 U
5833856.36228 446130.554981 150.58 30 U
5833843.58775 446128.857755 150.58 30 U
5833831.36789 446127.30196 150.58 30 U
5833818.59411 446125.537071 150.58 30 U
5833808.04348 446123.932052 150.58 30 U
5833796.60374 446122.249546 150.1 30 U
5833783.83146 446120.349337 149.62 30 U
5833774.16994 446118.82178 149.14 30 U
5833760.65877 446073.071905 148.18 30 U
5833752.84343 446045.44917 148.18 30 U
5833744.82638 446005.9165 147.22 30 U
5833735.36092 445976.651505 147.22 30 U
5833722.39969 445961.690963 146.26 30 U
5833710.13913 445953.774474 143.85 30 U
5833695.44573 445944.545481 141.93 30 U
5833684.94617 445938.339877 140.97 30 U
5833671.78078 445931.766395 140.49 30 U
5833660.83856 445925.352851 140.01 30 U
5833649.92335 445916.503882 139.05 30 U
5833640.23172 445907.668449 138.57 30 U
5833628.22485 445846.845534 140.97 30 U
5833622.79399 445835.012614 141.93 30 U
5833616.54694 445826.553534 141.93 30 U
5833607.26206 445821.17298 141.45 30 U
5833596.28991 445817.465131 142.41 30 U
5833585.76269 445813.76221 142.89 30 U
5833571.37166 445807.377616 143.37 30 U
5833562.54376 445800.919506 143.37 30 U
5833553.32134 445789.923793 143.37 30 U
5833543.63069 445781.020283 143.85 30 U
5833534.41056 445769.821536 143.85 30 U
5833526.1014 445756.7384 143.37 30 U
5833517.81711 445741.422711 141.93 30 U
5833510.77449 445724.496945 140.49 30 U
5833503.28249 445707.972088 138.57 30 U
5833495.78527 445691.920743 137.61 30 U
5833490.5052 445676.570655 136.64 30 U
5833486.79149 445660.426061 136.16 30 U
5833483.1868 445644.485639 135.2 30 U
5833478.68928 445628.805879 134.24 30 U
5833472.08595 445612.425992 132.8 30 U
5833463.37983 445595.075343 130.4 30 U
5833455.13455 445576.308893 128.47 30 U
5833448.10686 445558.097262 126.55 30 U
5833443.15563 445543.22417 127.51 30 U
5833439.93805 445532.497752 125.59 30 U
5833433.57047 445524.91621 125.11 30 U
5833432.07056 445509.810961 126.07 30 U
5833430.5586 445495.788149 126.55 30 U
5833429.8374 445480.691586 125.59 30 U
5833430.00763 445465.469664 125.11 30 U
5833431.85168 445449.792837 125.11 30 U
5833436.37747 445433.063449 123.19 30 U
5833443.65686 445418.800722 122.22 30 U
5833450.23632 445407.439631 121.26 30 U
5833447.35805 445396.243302 119.34 30 U
5833436.36197 445394.699272 118.38 30 U
5833423.99701 445396.184677 118.38 30 U
5833410.86403 445396.714225 117.42 30 U
5833398.10263 445393.864842 116.94 30 U
5833388.06687 445386.038978 115.98 30 U
5833378.87342 445372.538893 115.98 30 U
5833372.6666 445360.560795 115.01 30 U
5833370.22805 445349.842822 114.53 30 U
5833365.68066 445338.695224 115.01 30 U
5833356.89813 445328.244406 115.98 30 U
5833344.69019 445315.725257 115.01 30 U
5833332.60034 445302.598403 114.53 30 U
5833320.84422 445289.475228 114.53 30 U
5833308.64853 445275.873415 114.53 30 U
5833296.45363 445262.203879 114.05 30 U
5833284.83164 445247.052108 113.57 30 U
5833274.78139 445230.632308 113.09 30 U
5833265.65221 445211.448571 111.65 30 U
5833261.98891 445200.851845 113.09 30 U
5833258.32488 445190.322758 112.61 30 U
5833254.10014 445180.193336 112.13 30 U
5833249.20347 445170.462324 111.65 30 U
5833243.74457 445161.266283 112.61 30 U
5833237.9497 445152.269434 111.17 30 U
5833231.59794 445143.333963 111.17 30 U
5833225.80006 445134.607695 110.69 30 U
5833213.28404 445119.85132 111.17 30 U
5833200.19743 445106.374077 110.21 30 U
5833186.31929 445094.038154 110.21 30 U
5833172.11205 445081.292463 110.69 30 U
5833158.21796 445070.377191 110.21 30 U
5833144.31247 445060.476713 109.25 30 U
5833132.06556 445051.474522 108.77 30 U
5833123.69274 445044.207595 107.81 30 U
5833114.01183 445034.557589 107.32 30 U
5833106.11828 445024.251033 107.32 30 U
5833099.47348 445011.725538 107.32 30 U
5833094.02403 445001.717144 106.84 30 U
5833088.2516 444990.757755 106.36 30 U
5833081.17035 444977.482912 106.84 30 U
5833076.15827 444968.156042 106.84 30 U
5833070.81785 444958.35178 106.36 30 U
5833064.91671 444948.947166 105.88 30 U
