5837923.87048 447929.351905 201.95622921
5837902.24215 447931.846908 202.34997797
5837898.03404 447932.245322 202.423870325
5837894.24831 447932.889701 202.499236107
5837891.30696 447934.029544 202.57799077
5837889.63079 447935.912387 202.661583185
5837889.64258 447938.783015 202.751707792
5837891.76471 447942.891322 202.849862576
5837896.41877 447948.484843 202.957864761
5837901.80051 447954.272071 203.061323881
5837905.9595 447958.924171 203.146880865
5837909.10006 447962.630527 203.21762991
5837911.42651 447965.579738 203.276395082
5837913.14079 447967.961581 203.32627058
5837914.44801 447969.965049 203.370203257
5837915.55171 447971.778346 203.411164522
5837919.65805 447976.39194 203.496304035
5837923.80133 447980.875087 203.576802254
5837928.01493 447985.094588 203.647993326
5837932.33934 447988.922355 203.705309629
5837936.80913 447992.225581 203.743962526
5837941.46123 447994.874213 203.759384394
5837946.3314 447996.737018 203.746958494
5838145.9827 448059.961566 201.569307327
5838176.44216 448070.153358 197.911574364
5838179.48371 448071.564311 197.513896465
5838182.32251 448072.622035 197.164252281
5838184.75779 448072.968192 196.910307169
5838186.58798 448072.251517 196.7999475
5838187.61074 448070.115638 196.881108761
5838187.6237 448066.206538 197.201579094
5838186.42492 448060.16981 197.809367657
5838185.68821 448045.40293 199.092894316
5838177.36983 448010.462676 199.910523415
5838171.54606 447984.257682 199.224274874
5838168.21808 447946.405543 198.112967253
5838166.97058 447916.872569 197.214103222
5838166.97058 447900.650336 196.704174757
5838166.55488 447888.171001 196.321673155
5838167.80238 447876.524642 195.926156282
5838179.86483 447829.105052 194.150947094
5838182.36102 447809.555232 193.477492809
5838189.01658 447782.518439 192.557706118
5838192.76027 447764.216121 193.355959654
5838196.50316 447748.409984 194.033392191
5838198.16755 447732.603847 194.759914398
5838195.25566 447720.541 195.413084507
5838187.35259 447706.39846 195.898480415
5838177.36983 447685.184257 196.180297852
5838167.38668 447663.970054 196.462017059
5838161.14721 447646.500516 196.690521002
5838153.24414 447606.152589 197.206637859
5838147.00467 447567.468848 197.699081659
5838143.67669 447547.919028 197.94818902
5838138.6855 447537.518993 198.086519241
5838136.83016 447535.091571 198.120088816
5838135.07305 447533.062564 198.148452282
5838133.51201 447531.833137 198.16650176
5838132.24564 447531.805829 198.169129372
5838131.37259 447533.377877 198.151079893
5838130.99146 447536.952411 198.107319117
5838131.19853 447542.926862 198.032567263
5838134.10923 447557.901397 197.84107089
5838135.77362 447570.79565 197.677667856
5838134.10923 447585.77097 197.494349003
5838127.45485 447609.89529 197.205999374
5838116.2234 447637.764863 196.879291534
5838108.32073 447667.29882 196.525939226
5838106.65713 447686.016055 196.295961857
5838103.74446 447699.327975 196.135505676
5838096.67319 447710.142142 196.013604164
5838076.70806 447723.452098 195.946022987
5838061.31723 447735.514552 196.835334301
5838052.16666 447750.905772 197.261866808
5838043.01492 447773.367477 197.60038662
5838032.61645 447796.660979 197.445799589
5838020.13751 447814.130714 197.311644077
5838016.25041 447817.95848 197.360144377
5838012.56567 447821.218486 197.426669598
5838009.28916 447823.342578 197.52917099
5838006.62363 447823.764568 197.685599804
5838004.77222 447821.916694 197.913980961
5838003.94121 447817.230804 198.232216597
5838004.33137 447809.139529 198.658331633
5838007.65857 447793.333392 199.317493677
5838005.99536 447778.357875 200.03844142
5838003.08348 447763.384322 200.42138505
5837998.508 447743.001918 200.983988523
5837995.59611 447724.700778 201.408360004
5837996.84401 447700.574691 201.624290705
5837998.92331 447684.352458 201.685634375
5838004.33137 447670.625621 201.491240263
5838006.08337 447666.960521 201.418526649
5838007.65464 447663.234519 201.358779192
5838008.86049 447659.383964 201.325283289
5838009.52176 447655.347953 201.330857754
5838009.45497 447651.064799 201.388591528
5838008.47897 447646.473209 201.511671782
5838006.41106 447641.508546 201.713089228
5838006.31362 447640.324893 201.734404802
5838006.24604 447637.031882 201.779933691
5838006.5419 447632.013194 201.822392941
5838007.53676 447625.655652 201.834327698
5838009.56381 447618.346669 201.788381338
5838012.96015 447610.468354 201.657025337
5838018.05782 447602.408906 201.413025856
5838038.23198 447581.819043 200.306777
5838040.06649 447577.066358 200.241970778
5838041.40751 447572.410722 200.209383488
5838041.76309 447567.94781 200.240865707
5838040.63936 447563.772708 200.368660927
5838037.54359 447559.984429 200.624914408
5838031.98347 447556.677667 201.041550398
5838023.4647 447553.950256 201.65078783
5838021.99324 447553.401944 201.757021904
5838018.00399 447551.699252 202.047630787
5838012.13621 447548.760846 202.480449915
5838005.03233 447544.500875 203.013191938
5837997.33122 447538.83604 203.603765965
5837989.6749 447531.685205 204.209860086
5837982.70186 447522.961339 204.242103577
5837980.44221 447518.952636 203.959205627
5837974.55518 447508.418224 203.215051413
5837966.37983 447493.591031 202.166266203
5837957.25362 447476.704381 200.969426155
5837948.51796 447459.99081 200.75430584
5837941.51113 447445.687175 200.944697142
5837937.57021 447436.026406 201.063111544
5837936.56553 447434.091699 201.089559555
5837934.06581 447428.701903 201.159547329
5837930.84156 447420.473502 201.258684397
5837927.66485 447410.025924 201.372899532
5837925.30697 447397.978007 201.48777771
5837924.53883 447384.946628 201.589198589
5837926.13131 447371.552392 201.662845373
5837926.21735 447369.667781 201.67495203
5837926.40949 447364.728658 201.707244635
5837926.61105 447357.800801 201.753338337
5837926.72618 447349.957259 201.806946516
5837926.65624 447342.265185 201.861856222
5837926.30576 447335.797038 201.911780834
5837925.57651 447331.620168 201.950556517
5837925.49518 447330.422959 201.960011005
5837925.50107 447327.19753 201.98260355
5837925.96943 447322.49612 202.009616375
5837927.27783 447316.874309 202.032331705
5837929.80034 447310.883159 202.042031765
5837933.91571 447305.076678 202.030047894
5837939.99684 447300.007894 201.987686872
5837956.21868 447295.849294 201.8087883
5837976.60069 447294.461915 201.557151556
5837980.49172 447293.559785 201.513538122
5837984.37449 447292.595575 201.470514059
5837988.23919 447291.504256 201.42864418
5837992.07875 447290.223947 201.388345957
5837995.8849 447288.691976 201.350282431
5837999.64862 447286.84312 201.315018415
5838003.36127 447284.617656 201.283020496
5838005.195 447283.975045 201.26401329
5838010.05416 447282.291606 201.213523865
5838016.97141 447279.935302 201.141350508
5838024.98253 447277.276651 201.057266951
5838033.12174 447274.683616 200.971096039
5838040.42522 447272.524947 200.892537832
5838045.92641 447271.167627 200.831537962
5838046.94838 447270.685128 200.821837902
5838049.33886 447269.304036 200.800890684
5838052.09358 447267.129651 200.780802965
5838054.20628 447264.267078 200.773779631
5838054.66874 447260.819652 200.792123795
5838052.47589 447256.892282 200.847819328
5838046.62069 447252.589482 200.95321846
5837968.14322 447212.518363 199.569228649
5837965.83407 447211.490108 199.113399506
5837959.58399 447208.804738 197.898952007
5837950.40709 447205.064002 196.155446053
5837939.3226 447200.869844 194.112957239
5837927.34502 447196.823617 192.000947237
5837915.49277 447193.527856 190.049786329
5837904.77919 447191.58195 188.488518715
5837902.49833 447191.439519 188.209230661
5837896.4117 447191.149745 187.482119083
5837887.65404 447190.926767 186.47377944
5837877.36206 447190.980596 185.35046339
5837866.6693 447191.520852 184.27854538
5837856.71208 447192.761085 183.424547195
5837848.62513 447194.909734 182.954573154
5837847.46485 447195.253337 182.894162655
5837844.26771 447195.958028 182.679852724
5837839.45648 447196.535611 182.26316762
5837833.45826 447196.500053 181.595361471
5837826.69425 447195.363942 180.627762079
5837819.59272 447192.64046 179.31199193
5837812.57528 447187.838464 177.598445654
5837776.52465 447147.767345 168.312885284
5837768.68052 447139.187875 167.655491352
5837760.83521 447130.823133 166.992719412
5837752.98362 447122.890792 166.318921328
5837745.12455 447115.60558 165.628669977
5837737.25606 447109.183208 164.916587353
5837729.37578 447103.840955 164.177172661
5837721.48057 447099.793943 163.404875994
5837642.44832 447039.064397 158.336582422
5837607.50767 447010.086217 156.703730822
5837601.9668 447005.227445 156.459092855
5837596.86874 447000.363368 156.255416155
5837592.65906 446995.48829 156.133956671
5837589.78097 446990.596709 156.135626554
5837588.67767 446985.683126 156.301509857
5837589.79472 446980.743217 156.672616959
5837593.57377 446975.769321 157.290081024
5837594.20636 446975.000781 157.389930248
5837595.88253 446972.878457 157.659272671
5837598.27262 446969.679549 158.052653074
5837601.04384 446965.68008 158.524567127
5837603.86654 446961.155873 159.029706955
5837606.40869 446956.3859 159.522568226
5837608.33986 446951.644216 159.957744837
5837625.39468 446910.256246 163.77406764
5837625.91922 446909.590846 163.858372211
5837627.15022 446907.679713 164.075334311
5837628.5706 446904.65801 164.370068789
5837629.66329 446900.651271 164.68825531
5837629.91161 446895.795446 164.975106955
5837628.80006 446890.217445 165.176303387
5837625.81038 446884.050859 165.236984015
5837625.14007 446882.442269 165.262916327
5837623.39985 446878.154794 165.336268425
5837620.99758 446872.00196 165.450164318
5837618.34069 446864.793563 165.598170042
5837615.83548 446857.34097 165.773311377
5837613.89173 446850.45712 165.969178915
5837612.91573 446844.950433 165.964169264
5837612.69492 446843.567573 165.880503178
5837612.27096 446839.790099 165.668427944
5837611.99907 446834.178308 165.38634038
5837612.23678 446827.293475 165.092661858
5837613.33969 446819.696487 164.84574008
5837615.66574 446811.946065 164.861432076
5837619.5713 446804.603292 165.142709255
5837650.35138 446766.542909 167.235441923
5837655.97594 446761.399078 167.606475353
5837661.6563 446756.406911 167.97991538
5837667.44353 446751.722003 168.357996702
5837673.39578 446747.493858 168.74300313
5837679.56492 446743.877282 169.137341261
5837686.00949 446741.02571 169.543466806
5837692.77979 446739.09002 169.963467121
5837757.46087 446732.018554 174.059839249
5837817.56647 446719.5402 179.006427765
5837879.1282 446712.053031 184.31538105
5837933.20258 446697.285955 188.603323221
5837934.15932 446697.175349 188.686080694
5837936.78281 446696.908561 188.914731979
5837940.70094 446696.582246 189.259489298
5837945.54321 446696.296205 189.690957785
5837950.93831 446696.149058 190.179570675
5837956.51572 446696.238643 190.695810318
5837961.90375 446696.662597 191.209839821
5837963.21569 446697.085765 191.34971714
5837966.74249 446698.164313 191.722960711
5837971.87355 446699.609254 192.260294914
5837977.99907 446701.134742 192.892517805
5837984.50573 446702.453557 193.550353765
5837990.78331 446703.277105 194.164428949
5837996.22045 446703.317378 194.665516853
5837998.73196 446703.223079 194.891810656
5838005.36198 446703.020335 195.491200686
5838014.75302 446702.826432 196.344462156
5838025.54833 446702.764352 197.332812309
5838036.39117 446702.95354 198.336952686
5838045.92366 446703.513835 199.237928629
5838052.78983 446704.565862 199.916417122
5838128.28664 446727.234828 210.366574049
5838192.34417 446741.16932 220.023929119
5838199.1683 446741.512923 221.0004673
5838205.761 446741.509191 221.928431511
5838211.88613 446740.809215 222.758781195
5838217.31384 446739.068017 223.443114281
5838221.80917 446735.936887 223.932537556
5838225.14147 446731.068095 224.178575277
5838227.07657 446724.115485 224.132407904
5838227.29425 446723.209819 224.121627331
5838227.6518 446720.743892 224.05893302
5838227.69895 446717.091758 223.898182154
5838226.98856 446712.628846 223.59362483
5838225.07468 446707.728032 223.099683046
5838221.50977 446702.767102 222.370410442
5838215.84552 446698.117753 221.359811544
5838215.02984 446697.184583 221.202179432
5838212.8303 446694.723174 220.779747963
5838209.62413 446691.241958 220.168766975
5838205.78457 446687.252507 219.445388079
5838201.68727 446683.263057 218.685713768
5838197.70548 446679.782626 217.965650082
5838194.21601 446677.320432 217.361446857
5838150.74756 446626.365796 208.906481743
5838145.69273 446620.95773 207.946961641
5838140.7868 446615.724315 207.016418934
5838136.17753 446610.8402 206.143634558
5838132.01697 446606.479642 205.358003378
5838128.45245 446602.818275 204.688380003
5838125.63448 446600.029765 204.163864613
5838123.71116 446598.288568 203.813311815
5838122.38783 446596.867398 203.561822414
5838118.82135 446593.131967 202.888589144
5838113.62585 446587.876744 201.916225672
5838107.41231 446581.892078 200.767100096
5838100.79014 446575.97401 199.563629627
5838094.37386 446570.915244 198.42837882
5838088.77012 446567.507896 197.48339653
5838086.2374 446565.568473 197.037881374
5838079.5614 446560.501456 195.865721226
5838070.12283 446553.428222 194.581801653
5838059.30709 446545.475843 193.257878542
5838048.49331 446537.765695 192.654657602
5838039.06731 446531.424459 192.619049788
5838032.4086 446527.575868 192.773317575
5838030.37802 446526.520108 192.803350925
5838024.20613 446523.812146 192.822235346
5838013.7782 446520.142528 192.723319292
5837998.97635 446516.205138 192.399582863
5837979.68625 446512.689149 191.744399071
5837955.79001 446510.28766 190.650723457
5837927.17135 446509.689841 189.012100935
5837872.88913 446505.322015 186.370786905
5837870.81926 446505.188621 186.265314102
5837865.39508 446504.861323 185.985559464
5837857.79377 446504.454658 185.586211681
5837849.1976 446504.080407 185.122057676
5837840.78217 446503.850946 184.64795804
5837833.72819 446503.880807 184.21847868
5837829.21361 446504.281579 183.888504744
5837827.85688 446504.17176 183.822618008
5837824.16388 446503.751342 183.660737514
5837818.70317 446502.890861 183.45573473
5837812.04171 446501.459083 183.260923147
5837804.74687 446499.324578 183.129321575
5837797.38759 446496.358276 183.113948822
5837790.52889 446492.427369 183.267971039
5837789.92459 446491.916778 183.305273294
5837788.08182 446490.583818 183.386557341
5837784.96248 446488.727103 183.466588974
5837780.52648 446486.645642 183.49971652
5837774.73336 446484.636281 183.440582991
5837767.54422 446482.997438 183.243757725
5837758.91622 446482.028709 182.863589048
5837757.3096 446481.801604 182.799544096
5837752.88264 446480.978057 182.651562929
5837746.22903 446479.343339 182.486490011
5837737.9417 446476.68292 182.37104702
5837728.61353 446472.781089 182.37198019
5837718.83862 446467.424888 182.5560112
5837709.20909 446460.398606 182.989763498
5837685.08457 446443.136527 183.842803955
5837681.47762 446440.190459 183.996801615
5837677.88168 446437.215316 184.155391455
5837674.31205 446434.181039 184.323607683
5837670.78054 446431.060714 184.506017923
5837667.30011 446427.823104 184.707435369
5837663.88334 446424.43992 184.932525873
5837660.54278 446420.882871 185.186102629
5837659.22023 446419.305322 185.30903554
5837655.36261 446415.039849 185.622924566
5837649.13217 446408.784661 186.044987679
5837640.69317 446401.236983 186.492909431
5837630.20984 446393.096398 186.883932352
5837617.84602 446385.062097 187.13544631
5837603.76477 446377.831304 187.165037632
5837601.91375 446376.851966 187.172748566
5837596.95243 446374.275827 187.186893463
5837589.76722 446370.643731 187.194285154
5837581.24727 446366.499473 187.181245327
5837572.2798 446362.383897 187.134562254
5837563.75279 446358.840797 187.040606737
5837556.55303 446356.409249 186.793071032
5837555.37508 446355.756227 186.783935785
5837551.91154 446354.394387 186.682539463
5837546.27244 446353.217218 186.378129482
5837538.56662 446353.120757 185.759855032
5837528.90329 446354.999475 184.71679163
5837517.39328 446359.749213 183.138260365
5837504.14304 446368.264245 180.913140297
5837500.19819 446370.827418 180.246905804
5837489.80012 446377.516776 178.499863625
5837475.09925 446386.82962 176.049211025
5837458.25464 446397.262267 173.27300477
5837441.41553 446407.313199 170.548393011
5837426.73863 446415.479913 168.252965927
5837416.37553 446420.258531 166.764559269
5837413.77483 446421.524499 166.382008553
5837406.77153 446424.779594 165.372735739
5837396.56678 446429.214019 163.943241596
5837384.36012 446434.016015 162.300616264
5837371.35428 446438.373429 160.651998997
5837358.74804 446441.475877 159.20416069
5837347.74291 446442.512384 158.163945913
5837345.08524 446442.493524 157.948751926
5837337.88667 446442.159154 157.403903246
5837327.31061 446441.087875 156.680990934
5837314.52441 446438.864572 155.931139469
5837300.68991 446435.069024 155.305915356
5837286.97211 446429.284547 154.956492186
5837274.53403 446421.090722 155.03438735
5837206.94146 446362.856376 153.831113338
5837201.03282 446359.112693 153.512018204
5837195.50217 446354.829932 153.281942606
5837190.72787 446349.470391 153.229488611
5837187.0891 446342.495385 153.443700314
5837184.96422 446333.366622 154.013449907
5837184.73122 446321.546399 155.027609587
5837186.7673 446306.494264 156.574904203
5837189.67958 446274.465501 159.71158433
5837190.27248 446271.706657 160.019358635
5837190.95262 446268.968833 160.334745646
5837191.8021 446266.275016 160.664916039
5837192.90854 446263.64544 161.017605305
5837194.35722 446261.105056 161.399984121
5837196.23338 446258.672526 161.819763422
5837198.6223 446256.371623 162.28423667
5837199.84858 446254.765784 162.560086727
5837203.03236 446250.505027 163.28417778
5837207.42985 446244.420167 164.301873684
5837212.30198 446237.346933 165.458562851
5837216.90379 446230.116532 166.599510908
5837220.49463 446223.563516 167.56983614
5837222.33189 446218.519288 167.897698164
5837223.04582 446216.769447 167.99472332
5837224.7821 446211.904781 168.23702836
5837226.93292 446204.50582 168.551899672
5837228.89041 446195.148185 168.866353512
5837230.04754 446184.412208 169.10782361
5837229.79765 446172.876062 169.203424454
5837227.53132 446161.116937 169.0801723
5837227.2944 446159.267099 169.073885679
5837226.75532 446154.462941 169.066002846
5837226.17223 446147.823877 169.07285428
5837225.80447 446140.472655 169.110868692
5837225.90898 446133.528493 169.196401119
5837226.74589 446128.112176 169.345904827
5837228.57137 446125.345277 169.575734854
5837229.09512 446124.95531 169.637324095
5837230.47032 446124.162017 169.796601534
5837232.40228 446123.527854 170.015331745
5837234.59591 446123.618224 170.255009174
5837236.75655 446124.996566 170.477324724
5837238.59106 446128.226907 170.644165754
5837239.80202 446133.872489 170.716805696
5837241.88171 446158.205642 170.685495377
5837245.76174 446170.595786 170.979051113
5837249.92152 446182.989663 171.30322957
5837254.6412 446195.390809 171.688751698
5837260.20093 446207.802957 172.166338444
5837266.88125 446220.229249 172.766710758
5837274.96349 446232.674401 172.74500227
5837284.72582 446245.140771 172.719634771
5837286.08648 446247.189424 172.688741922
5837290.26316 446252.46547 172.682971001
5837297.3969 446259.66208 172.832793951
5837307.63113 446267.474189 173.268535376
5837321.10611 446274.594377 174.120790005
5837337.96525 446279.717187 175.520128012
5837358.35001 446281.53736 177.596702099
5837361.47171 446281.460153 177.946002483
5837369.67222 446281.17588 178.870823383
5837381.20424 446280.603797 180.186470747
5837394.32324 446279.664733 181.708520651
5837407.28232 446278.277747 183.252377272
5837418.33499 446276.363471 184.633518457
5837425.73513 446273.84175 185.667250156
5837427.26828 446273.240396 185.888362408
5837431.33022 446271.326905 186.502388477
5837437.11352 446267.931541 187.43560791
5837443.80916 446262.888688 188.613809109
5837450.6105 446256.029788 189.963345289
5837456.70931 446247.188638 191.410250425
5837461.29894 446236.198053 192.880460262
5837462.91931 446233.383021 193.305789471
5837467.17575 446226.057733 194.417219877
5837473.16847 446215.896981 195.443363428
5837479.99456 446204.580278 196.312832594
5837486.75071 446193.783202 197.169090033
5837492.53637 446185.183694 197.895538568
5837496.44783 446180.459298 198.375016212
5837520.78137 446148.638976 201.383778334
5837526.69669 446142.884164 202.094068289
5837532.80414 446137.629335 202.820173025
5837539.29744 446133.374864 203.577784538
5837546.36871 446130.62152 204.382987738
5837554.21205 446129.869287 205.251400948
5837563.02 446131.617753 206.146237612
5837572.9839 446136.368081 205.737140656
5837646.6077 446192.938241 206.054246664
5837746.22943 446245.140771 214.418301344
5837755.57017 446250.092271 214.377954006
5837764.79303 446255.338456 214.290358782
5837773.7833 446261.174209 214.108366013
5837782.42504 446267.893624 213.784752369
5837790.60001 446275.792174 213.272368193
5837798.19307 446285.163955 212.523916483
5837805.08752 446296.303847 211.492321253
5837806.22226 446298.776258 211.237000942
5837809.62686 446305.282714 210.592941523
5837815.30407 446314.459413 209.742995262
5837823.25861 446324.943139 208.869842529
5837833.49559 446335.367732 208.156630278
5837846.01657 446344.37037 207.786014318
5837860.82549 446350.586267 207.94084692
5837863.1209 446351.461875 207.976626635
5837869.36115 446353.724862 208.040499687
5837878.57302 446356.823577 208.148477316
5837889.7856 446360.209512 208.335528851
5837902.02722 446363.333963 208.622380495
5837914.32778 446365.647636 209.029832125
5837925.7156 446366.599862 209.578732729
5837928.1996 446366.123847 209.797192812
5837934.88896 446364.97811 210.365763664
5837944.64148 446363.587981 211.154243469
5837956.31416 446362.380164 212.032135725
5837968.76599 446361.779596 212.869312286
5837980.85477 446362.212979 213.535448551
5837991.43673 446364.10427 213.90019536
5837994.58239 446365.005614 213.959721804
5838002.95264 446367.543641 214.097855568
5838014.94633 446371.472386 214.253670454
5838028.96275 446376.542153 214.366657734
5838043.40076 446382.506585 214.375915766
5838056.66121 446389.120111 214.220542908
5838067.141 446396.133033 213.839981318
5838150.1244 446438.768701 210.565928698
5838157.51157 446443.288781 210.14246583
5838164.82881 446447.91986 209.700855255
5838172.00695 446452.772149 209.222900152
5838178.97881 446457.95704 208.690649271
5838185.67446 446463.586513 208.085586548
5838192.02473 446469.771369 208.125983
5838197.95969 446476.620643 209.21415782
5838252.24152 446521.751903 218.520861864
5838303.19616 446577.698705 228.13971138
5838361.4307 446640.92345 239.235965967
5838372.21737 446649.686607 241.156209469
5838382.74392 446658.345445 243.035074234
5838392.74908 446666.796039 243.053172827
5838401.97469 446674.93682 242.414810658
5838410.15987 446682.662488 241.786836147
5838417.04412 446689.870099 241.171778679
5838422.3681 446696.454353 240.572388649
5838457.30875 446753.440215 234.952419519
5838462.518 446759.017234 234.471910477
5838466.89427 446764.623525 233.955498934
5838469.60381 446770.291896 233.366668463
5838469.81401 446776.053584 232.669393778
5838466.69153 446781.938647 231.827600479
5838459.40455 446787.979108 230.805115938
5838447.11735 446794.204042 229.565718412
5838445.1241 446795.425218 229.338786125
5838439.77182 446798.621375 228.739617109
5838432.00745 446803.094306 227.890432119
5838422.77673 446808.145803 226.913501024
5838413.025 446813.077657 225.93094635
5838403.70076 446817.1895 225.065332651
5838395.74701 446819.785089 224.438635111
5838368.68507 446824.218139 222.844853878
5838347.49601 446827.689139 221.596984148
5838345.67447 446829.06198 221.358117104
5838341.58384 446832.457345 220.783529758
5838338.86605 446835.194383 220.342852354
5838337.27986 446836.791381 220.085763931
5838334.82612 446840.980039 219.477680683
5838336.27832 446843.939466 219.171748161
5838343.69772 446844.584827 219.380925655
5838350.46605 446843.378385 219.791446924
5838359.14316 446841.831876 220.317779541
5838360.13841 446841.366666 220.413306713
5838363.07937 446840.259828 220.663101673
5838367.9016 446838.933744 221.012745857
5838374.5387 446837.815118 221.407476902
5838382.92623 446837.328887 221.792778015
5838392.99858 446837.902738 222.113739491
5838404.69012 446839.960035 222.31589365
5838407.45348 446840.430745 222.365597248
5838414.72907 446841.636401 222.500612259
5838424.9908 446843.266797 222.699475765
5838436.71456 446845.014281 222.940823078
5838448.37742 446846.568059 223.203485966
5838458.45448 446847.621854 223.507085562
5838465.41967 446847.863103 223.771737576
5838467.61566 446848.014964 223.85329175
5838473.40957 446848.464654 224.067405224
5838481.61125 446849.204904 224.367984295
5838491.03175 446850.229427 224.709082603
5838500.48172 446851.530954 225.044606447
5838508.77142 446853.101234 225.328634024
5838514.71031 446854.933587 225.515022516
5838516.88155 446855.765386 225.579288483
5838522.59884 446858.070415 225.745687485
5838530.67283 446861.564401 225.974952698
5838539.91534 446865.965232 226.227719069
5838549.13546 446870.986671 226.464670658
5838557.1454 446876.34798 226.672743082
5838562.75306 446881.763118 226.790420771
5838563.53457 446883.140477 226.793956995
5838565.63548 446886.969226 226.800931215
5838568.69667 446892.798495 226.805891752
5838572.35863 446900.176828 226.803436041
5838576.25987 446908.654925 226.788063288
5838580.04245 446917.779956 226.754542828
5838583.34293 446927.102426 226.69717741
5838584.25606 446928.971517 226.695974112
5838586.97699 446933.853078 226.706558228
5838591.48017 446940.658345 226.750392675
5838597.74086 446948.300912 226.818342209
5838605.73273 446955.691425 226.94493413
5838615.4322 446961.744655 227.158679247
5838626.81138 446965.371249 227.481261492
5838670.90259 446978.681401 228.746296644
5838701.26736 446984.712628 229.682266474
5838707.5088 446985.904336 229.875629187
5838713.76085 446987.297216 230.065234661
5838720.03489 446989.089492 230.247325659
5838726.34155 446991.482337 230.418169498
5838732.69104 446994.673976 230.574033499
5838739.09711 446998.868135 230.711209536
5838745.56643 447004.263234 230.825768471
5838747.39073 447005.74668 230.85887146
5838752.25854 447009.612756 230.949069738
5838759.27048 447014.986049 231.083028793
5838767.52128 447020.988004 231.247340441
5838776.11195 447026.743209 231.428498268
5838784.13839 447031.374288 231.613241434
5838790.69769 447034.003863 231.788063526
5838792.24342 447034.284404 231.836195469
5838796.33522 447035.078679 231.962762833
5838802.1582 447036.312429 231.8820436
5838808.89903 447037.913749 231.708694935
5838815.74045 447039.809362 231.509340286
5838821.86951 447041.927953 231.294293642
5838826.47053 447044.19369 231.074261904
5838827.44378 447044.725499 231.023232222
5838830.02915 447046.447444 230.860664129
5838833.72333 447049.564037 230.571479559
5838838.02534 447054.27468 230.141067028
5838842.43305 447060.778583 229.554569483
5838846.44431 447069.275737 228.797178984
5838849.55658 447079.966333 227.854259491
5838860.78723 447126.970023 223.721027136
5838862.43433 447131.951974 223.280570745
5838864.33564 447136.881078 222.843429565
5838866.74577 447141.698594 222.413360834
5838869.92091 447146.35423 221.993434191
5838874.11448 447150.789834 221.587333202
5838879.58109 447154.953738 221.198299408
5838886.57574 447158.790738 220.829844475
5838931.70818 447181.876586 218.804864883
5838935.79841 447185.857785 218.475455761
5838940.36603 447189.65628 218.157760382
5838945.88608 447193.090936 217.863345146
5838952.83476 447195.980031 217.603972912
5838961.69222 447198.141647 217.391185522
5838972.93112 447199.393666 217.23669672
5838987.03005 447199.554565 217.152146578
5838990.20283 447199.247502 217.159685612
5838998.60725 447198.368161 217.184807539
5839010.57266 447196.984515 217.230925798
5839024.42955 447195.159234 217.301453829
5839038.50883 447192.960292 217.399829626
5839051.1414 447190.452323 217.529613972
5839060.65385 447187.699372 217.694244862
5839063.36299 447186.832015 217.843110085
5839070.55803 447184.424632 218.296016932
5839080.84058 447180.774266 218.926790953
5839092.81541 447176.173442 219.63425684
5839105.08454 447170.918023 220.316993713
5839116.25233 447165.303678 221.592391968
5839124.92001 447159.62234 222.646358728
5839127.24842 447157.74048 223.122005463
5839133.36098 447152.766584 224.4598279
5839141.94693 447145.706315 226.343186617
5839151.69552 447137.571035 228.488422394
5839161.30069 447129.365422 230.612784624
5839169.4505 447122.099464 232.432589531
5839174.8346 447116.779214 233.72088027
5839204.99192 447079.966333 241.572182417
5839212.06279 447073.479915 243.227012634
5839219.04055 447067.920184 244.787150621
5839225.83207 447064.212257 246.158051491
5839232.34658 447063.281051 247.245194912
5839238.48939 447066.053844 247.953741312
5839244.16857 447073.457126 248.189194918
5839249.29099 447086.414441 248.239733458
5839249.29374 447088.292569 248.13327837
5839248.95426 447093.644841 247.770004988
5839247.75194 447102.048679 247.084100246
5839245.16775 447113.084056 246.009972095
5839240.68107 447126.327413 244.481881142
5839233.77128 447141.356759 242.434038877
5839223.91779 447157.750499 239.800607681
5839166.72368 447245.102117 236.501113892
5839160.28736 447255.295676 236.182853699
5839153.74299 447265.151919 235.819580317
5839146.97898 447274.330779 235.365863085
5839139.88885 447282.49435 234.777057171
5839132.36101 447289.304332 234.007388115
5839124.28899 447294.423606 233.012530327
5839115.56041 447297.512694 231.74668479
5839083.74028 447304.374738 228.789345264
5839044.22455 447315.606572 226.147711992
5838992.85342 447329.748326 222.678111076
5838982.89542 447332.423677 222.000310183
5838973.082 447335.370334 221.356496334
5838963.55934 447338.857051 220.780607462
5838954.474 447343.158082 220.306802511
5838945.97016 447348.542377 219.968945742
5838938.1944 447355.283795 219.80126977
5838931.29169 447363.649324 219.837442398
5838925.47106 447372.537624 220.010471821
5838920.93723 447381.02299 220.26665163
5838917.83439 447389.642537 220.660449505
5838916.3032 447398.933967 221.246284008
5838916.48394 447409.437339 222.078549147
5838918.52277 447421.691732 223.212154627
5838922.55682 447436.233865 224.700905085
5838957.91278 447528.785108 227.80568552
5838991.39689 447596.793578 224.988223314
5838995.69458 447607.669826 224.229212046
5838999.83236 447618.55236 223.459739447
5839003.65423 447629.449628 222.669565201
5839007.00068 447640.368703 221.848129749
5839009.71532 447651.316264 220.985217333
5839011.63863 447662.301349 220.070317507
5839012.6111 447673.329261 219.093189955
5839013.27826 447676.386523 218.846661091
5839015.14185 447684.540664 218.194301367
5839017.99794 447696.265998 217.266951084
5839021.64379 447710.040771 216.19540143
5839025.87508 447724.338512 215.110590935
5839030.48867 447737.637073 214.143237114
5839035.28065 447748.409984 213.424106598
5839036.73208 447750.612659 213.306060553
5839040.87967 447756.402637 213.015991926
5839047.41226 447764.552455 212.650213718
5839056.02296 447773.838187 212.305161715
5839066.40178 447783.031978 212.077148914
5839078.23949 447790.910293 212.148438215
5839091.22765 447796.245277 211.988129377
5839094.15918 447797.196521 211.573286057
5839102.09604 447799.481708 210.529436827
5839113.75458 447802.237212 209.33173728
5839127.85115 447804.608054 208.334988594
5839143.10013 447805.734145 207.647438526
5839158.21906 447804.757754 207.533837318
5839171.92311 447800.820365 208.259868383
5839244.09156 447770.663051 213.062896013
5839325.41136 447734.267051 216.449911356
5839362.8474 447717.629115 217.991606951
5839372.03098 447710.836814 218.773701906
5839380.96584 447704.207572 219.537722826
5839389.4013 447697.902091 220.266037703
5839397.09102 447692.080287 220.940891743
5839403.78195 447686.90797 221.544014454
5839409.22852 447682.54584 222.057651043
5839413.17848 447679.15303 222.464194059
5839478.27566 447612.80796 230.719288826
5839483.37332 447607.551755 231.374669075
5839488.84975 447602.319322 232.017205954
5839495.07862 447597.12893 232.634571791
5839502.43593 447592.005138 233.213775873
5839511.30006 447586.968375 233.742392302
5839522.04783 447582.040254 234.207553148
5839535.05367 447577.243758 234.5966115
5839538.96513 447575.674461 234.732535124
5839549.58952 447571.769879 235.048364162
5839565.25853 447566.733117 235.406455994
5839584.30895 447561.769241 235.669192553
5839605.0713 447558.083316 235.698661089
5839625.88238 447556.877856 235.8814888
5839645.07386 447559.357339 238.150394201
5839646.27893 447559.604089 238.279245377
5839649.61791 447560.318013 238.632008314
5839654.67942 447561.45766 239.157972574
5839661.0572 447562.986684 239.807041645
5839668.33907 447564.865008 240.52830863
5839676.11641 447567.052949 241.271529675
5839683.97783 447569.511607 241.985969782
5839689.61575 447571.408988 242.478438139
5839694.3928 447573.06512 242.888443708
5839698.4512 447574.516347 243.230033159
5839701.93517 447575.807855 243.51666379
5839704.98929 447576.976773 243.76228404
5839707.75619 447578.066323 243.980473995
5839710.37928 447579.114617 244.184911966
5839717.65172 447579.789054 245.084218025
5839724.69745 447580.76073 245.908035517
5839731.29173 447582.330028 246.580900431
5839737.2094 447584.793008 247.027446985
5839742.22455 447588.450839 247.172014713
5839746.11361 447593.599189 246.93960619
5839748.64712 447600.537065 246.254241705
5839749.08915 447601.398921 246.186537743
5839750.23489 447604.175643 245.930407047
5839751.82422 447609.148557 245.408052683
5839753.59548 447616.603704 244.540842772
5839755.28619 447626.822017 243.250857592
5839756.63702 447640.089931 241.459735394
5839757.38277 447656.691325 239.088917971
5839757.79887 447705.981578 232.235788822
5839757.58316 447718.961093 231.55202055
5839757.67157 447731.996009 230.925715923
5839758.37174 447745.142512 230.414731503
5839759.98858 447758.459933 230.076776505
5839762.82738 447772.001315 229.969486475
5839767.19619 447785.825988 230.37467885
5839773.39716 447799.988959 232.269382954
5839836.41464 447934.758006 251.09218955
5839870.52309 448009.839515 251.922612906
5839873.18273 448014.732078 251.725321054
5839876.02232 448019.566096 251.553445816
5839879.22181 448024.284991 251.43225646
5839882.96117 448028.827075 251.387415171
5839887.42193 448033.13734 251.444264889
5839892.78284 448037.158027 251.628050327
5839899.22388 448040.827449 251.964335442
5839920.64593 448064.537833 251.93771553
5839925.2666 448066.888637 252.207033396
5839929.26057 448069.716437 252.360613585
5839932.00193 448073.491946 252.283406019
5839932.86752 448078.692554 251.860065937
5839931.22985 448085.792899 250.974831104
5839926.46341 448095.266444 249.512651443
5839917.94151 448107.588615 249.667042017
5839876.76217 448155.632152 249.601646423
5839872.5081 448162.484962 249.768904924
5839868.39979 448169.275691 249.946231842
5839864.58184 448175.944224 250.143842936
5839861.20043 448182.426124 250.372027636
5839858.4021 448188.659309 250.640707016
5839856.33105 448194.586414 250.96048975
5839855.13266 448200.139465 251.340977669
5839854.97903 448201.940189 251.489965677
5839854.25764 448206.805247 251.85910821
5839852.57872 448213.923274 252.331243277
5839849.55368 448222.491546 252.790142059
5839844.79431 448231.699874 253.119010925
5839837.91046 448240.740821 253.201007128
5839828.51157 448248.806556 252.919238806
5839799.80961 448273.764442 252.088938236
5839796.27299 448276.205615 251.92818737
5839792.63147 448278.587459 251.750590324
5839788.7813 448280.847499 251.53920269
5839784.62153 448282.928764 251.277472973
5839780.04644 448284.769565 250.948358536
5839774.95309 448286.309394 250.535185099
5839769.23698 448287.490493 250.021131039
5839736.37682 448294.561763 247.09163928
5839680.01451 448293.52172 240.85501647
5839677.7749 448294.117377 240.665828466
5839675.46653 448294.803798 240.477524519
5839673.01828 448295.676852 240.291136026
5839670.36337 448296.828483 240.107866287
5839667.43301 448298.351024 239.928697586
5839664.15572 448300.337989 239.754489422
5839660.46469 448302.880534 239.586322308
5839658.74058 448303.271876 239.434485674
5839654.10616 448304.282844 239.02256465
5839647.36769 448305.664722 238.4155128
5839639.33378 448307.16801 237.678652048
5839630.81384 448308.549888 236.877451658
5839622.61412 448309.560855 236.079713821
5839615.54128 448309.952197 235.777391195
5839613.78849 448310.253562 235.721302748
5839609.15329 448311.391441 235.604288101
5839602.57434 448313.71749 235.503628492
5839594.99307 448317.586513 235.497047186
5839587.34539 448323.351737 235.661702633
5839580.57195 448331.365214 236.075146198
5839575.60984 448341.980174 236.814634562
5839575.01379 448343.543971 236.930052996
5839573.48575 448347.864452 237.254550695
5839571.41863 448354.389964 237.756178856
5839569.20652 448362.567287 238.402915001
5839567.24196 448371.843196 239.162589312
5839565.91744 448381.664863 240.003081083
5839565.6259 448391.47985 240.89236784
5839565.11236 448394.08369 241.107439041
5839563.44326 448400.498008 241.617858648
5839560.43629 448408.620322 242.217003107
5839555.90482 448416.354438 242.676024675
5839549.66338 448421.600623 242.835916042
5839541.5281 448422.257575 242.504149437
5839531.30999 448416.228313 241.488516331
5839530.44872 448415.102222 241.348884583
5839527.78005 448412.361255 240.981657505
5839523.17392 448408.959407 240.464116335
5839516.50578 448405.859317 239.865806818
5839507.64597 448404.010265 239.271893024
5839496.47189 448404.376853 238.771026134
5839482.85114 448407.910327 238.443434238
5839481.87318 448408.250198 238.426391602
5839478.99548 448408.997913 238.354021788
5839474.30487 448409.743663 238.194867134
5839467.89016 448410.083533 237.917690992
5839459.84014 448409.607322 237.490962029
5839450.23929 448407.910327 236.883345366
5839439.17563 448404.582347 236.049017429
5839436.77728 448404.318309 235.909975052
5839430.38143 448403.695933 235.546652555
5839421.18371 448402.961185 235.039032459
5839410.38054 448402.370635 234.467932224
5839399.17071 448402.171428 233.913383484
5839388.75103 448402.618171 233.456007242
5839380.31753 448403.959186 233.175933361
5839378.29245 448404.330096 233.113263607
5839372.6785 448405.562274 232.957988977
5839364.15895 448407.821529 232.757823944
5839353.42533 448411.282706 232.546755552
5839341.16209 448416.115939 232.382419348
5839328.05999 448422.491752 232.312873602
5839314.80426 448430.57949 232.385488987
5839312.74067 448432.304774 232.437574625
5839306.94637 448436.792636 232.552501917
5839298.0233 448443.006568 232.668706179
5839286.57261 448449.914386 232.724622726
5839273.19311 448456.48587 232.658785105
5839258.48635 448461.685298 232.409653187
5839243.05191 448464.480094 231.915490389
5839240.50504 448464.710734 231.813823938
5839233.52768 448465.504027 231.549368382
5839223.11074 448467.018317 231.183393717
5839210.25028 448469.408412 230.777071714
5839195.93761 448472.832263 230.391549587
5839181.16798 448477.445857 230.088195562
5839166.93153 448483.405967 229.927935839
5839165.07855 448484.048381 229.895471334
5839160.35416 448486.099391 229.848591805
5839154.01449 448489.742488 229.863718987
5839147.31492 448495.165092 230.017127275
5839141.51001 448502.551479 230.384943724
5839137.85591 448512.089854 231.043590069
5839137.6068 448523.962138 232.06921792
5839137.4017 448525.77465 232.217739344
5839136.57344 448530.827129 232.619616508
5839134.80651 448538.53374 233.208545208
5839131.78539 448548.312972 233.918614149
5839127.19262 448559.586063 234.68398571
5839120.71112 448571.766391 235.438404799
5839112.02536 448584.275981 236.116033792
5839080.20445 448643.549388 238.233962059
5839077.91416 448648.889873 238.462637901
5839075.78339 448654.450389 238.727142572
5839073.97284 448660.44979 239.063206673
5839072.64204 448667.111644 239.507051945
5839071.95091 448674.652839 240.094335318
5839072.06249 448683.293407 240.860959291
5839073.13318 448693.256522 241.842801809
5839073.2707 448694.968448 242.006720543
5839074.02628 448699.617011 242.491453409
5839075.91619 448706.469035 243.286612749
5839079.4587 448714.794093 244.382277489
5839085.16931 448723.861758 245.213044643
5839093.56509 448732.941211 244.65707159
5839105.16195 448741.299274 242.170933962
5839139.47865 448760.017295 236.354237795
5839144.78888 448762.177142 235.647238493
5839150.40361 448764.184146 234.972040653
5839156.63051 448765.889785 234.360249281
5839163.77369 448767.142787 233.843101025
5839172.13921 448767.790702 233.452520132
5839182.03357 448767.685794 233.21966958
5839193.76048 448766.672862 233.176719189
5839249.49884 448756.482249 234.385543108
5839381.98152 448728.197562 238.326026678
5839525.69407 448694.504024 237.650485039
5839628.43553 448669.96302 236.655627251
5839687.70972 448659.979865 244.152742147
5839696.49606 448659.572414 245.226673841
5839705.05726 448659.121741 246.274992466
5839713.1674 448658.58895 247.27166748
5839720.60015 448657.928855 248.191159487
5839727.13155 448657.101771 248.875222445
5839732.5353 448656.067229 249.163915873
5839736.58506 448654.780437 249.489101171
5839738.00191 448654.24018 249.62217617
5839741.856 448652.847301 249.967424631
5839747.55404 448650.949134 250.443783522
5839754.5035 448648.891837 250.969821453
5839762.11189 448647.018031 251.464917421
5839769.78628 448645.678195 251.847443581
5839776.93259 448645.212985 252.036607027
5839779.15374 448645.373687 252.030492306
5839785.01994 448645.729274 252.028724194
5839793.33714 448646.097827 252.055344105
5839802.91402 448646.289569 252.135228395
5839812.55534 448646.122188 252.292639494
5839821.07057 448645.410228 252.5517416
5839827.26368 448643.96627 252.937632084
5839871.14626 448638.350745 254.687891245
5839887.36927 448637.102458 255.158552885
5839890.83124 448637.128783 255.196690083
5839893.67004 448637.311881 255.193522215
5839895.26566 448637.806167 255.108309031
5839894.99455 448638.771163 254.899352551
5839892.23512 448640.361678 254.525716066
5839886.36499 448642.735271 253.946094513
5839876.76217 448646.04557 253.119575739
5839873.63065 448647.564574 252.756449699
5839865.03055 448651.626125 251.782539129
5839852.15398 448657.488399 250.371168137
5839836.19893 448664.409969 248.695267916
5839818.35828 448671.647834 246.928236246
5839799.8265 448678.461352 245.242906094
5839781.79647 448684.105167 243.81282258
5839627.68703 448773.952769 233.357091188
5839619.63505 448778.868121 232.838764191
5839598.40906 448791.728583 230.017986774
5839568.40655 448809.707927 226.034209013
5839534.02974 448829.979922 221.475279093
5839499.67296 448849.715198 216.928038359
5839469.73882 448866.091846 212.980187654
5839448.62167 448876.276958 210.218617439
5839441.48517 448879.476848 209.289548159
5839422.0933 448887.817622 206.770970583
5839393.46717 448899.410545 203.065474033
5839358.63026 448912.366878 198.575746059
5839320.60838 448924.800243 193.704867125
5839282.42187 448934.821117 188.855279207
5839247.0942 448940.542728 186.105349064
5839234.5854 448942.906104 185.81415081
5839201.7213 448949.209621 185.023780107
5839155.49774 448958.272571 183.86063242
5839102.91134 448968.920535 182.442901134
5839050.95791 448979.970451 180.843619108
5839006.63409 448990.247897 179.256001711
5838976.93531 448998.569419 177.815162182
5838854.02204 449034.756389 171.786881924
5838712.39233 449062.834403 171.943850994
5838695.81176 449067.971751 171.738848209
5838679.22058 449073.447398 171.493448973
5838662.60779 449079.598464 171.166863918
5838645.96121 449086.765605 170.718500137
5838629.2718 449095.285548 170.108034849
5838612.52778 449105.498164 169.294605017
5838595.71814 449117.740966 168.237838745
5838579.77684 449127.966548 168.496719837
5838537.70717 449156.602893 169.666596174
5838478.14064 449200.596667 170.906902313
5838409.71235 449256.891788 171.637157202
5838341.05498 449322.429813 171.276879787
5838280.80322 449394.157016 161.557002306
5838237.58662 449469.016528 145.731170416
5838193.91229 449542.641112 130.294789791
5838185.9884 449564.811275 125.07122159
5838177.05039 449586.038051 120.21876049
5838166.08142 449605.376876 116.852274895
5838152.06697 449621.883186 116.271351814
5838133.99332 449634.612022 115.293340206
5838110.84481 449642.621177 113.81912756
5838081.60495 449644.966479 114.519152641
5838078.93353 449645.058814 114.787660122
5838071.68898 449644.791633 114.631427765
5838061.02609 449643.34571 114.367561579
5838048.10669 449639.902213 114.513160706
5838034.0832 449633.64231 115.364506721
5838020.11551 449623.748347 117.218225002
5838007.35838 449609.401885 120.371358395
5838005.71954 449607.139094 120.891846418
5838000.81794 449601.842616 122.043918848
5837992.67362 449595.74813 123.214482784
5837981.30977 449591.094459 123.789315701
5837966.74838 449590.120032 123.154145956
5837949.01146 449595.060924 120.695585966
5837928.12063 449608.154384 115.800223589
