5837923.87048 447929.351905 196.074008942
5837902.8721 447931.774238 196.456289291
5837898.78656 447932.161048 196.528029442
5837895.1111 447932.786658 196.601200104
5837892.25541 447933.893302 196.677660942
5837890.62806 447935.721305 196.758818626
5837890.63951 447938.508323 196.846318245
5837892.69983 447942.49697 196.941614151
5837897.21833 447947.927573 197.046470642
5837902.44333 447953.546241 197.146916389
5837906.48118 447958.062842 197.229981422
5837909.53027 447961.661246 197.298669815
5837911.78895 447964.524558 197.355723381
5837913.4533 447966.837028 197.404146194
5837914.72245 447968.782142 197.446799278
5837915.794 447970.542625 197.486567497
5837919.78074 447975.021842 197.569227219
5837923.80334 447979.374412 197.647380829
5837927.89422 447983.471015 197.716498375
5837932.09268 447987.187293 197.772145271
5837936.43228 447990.394309 197.809672356
5837940.94888 447992.965797 197.824645042
5837945.6772 447994.774345 197.812581062
5838139.51341 448056.157401 195.698356628
5838169.08571 448066.052344 192.147159576
5838172.03866 448067.422202 191.761064529
5838174.79478 448068.449119 191.421604156
5838177.15913 448068.785194 191.175055504
5838178.93602 448068.089393 191.067910194
5838179.92898 448066.015723 191.146707535
5838179.94157 448062.220481 191.457843781
5838178.77771 448056.35958 192.047929764
5838178.06245 448042.022803 193.294072151
5838169.98636 448008.100227 194.08788681
5838164.33221 447982.658485 193.421626091
5838161.10116 447945.908836 192.342686653
5838159.89 447917.236045 191.470003128
5838159.89 447901.486304 190.974926949
5838159.4864 447889.370444 190.60356617
5838160.69757 447878.0633 190.219569206
5838172.40869 447832.024863 188.49606514
5838174.83217 447813.044456 187.842226028
5838181.29388 447786.795142 186.94922924
5838184.92852 447769.025901 187.724232674
5838188.56241 447753.680137 188.381934166
5838190.17831 447738.334373 189.087295532
5838187.35124 447726.622871 189.721441269
5838179.67836 447712.892249 190.192699432
5838169.98636 447692.295936 190.466308594
5838160.29397 447671.699622 190.739822388
5838154.23623 447654.738906 190.961670876
5838146.56335 447615.566161 191.462755203
5838140.50561 447578.009132 191.94085598
5838137.27456 447559.028724 192.182707787
5838132.42875 447548.931602 192.317008972
5838130.62745 447546.574882 192.349600792
5838128.92152 447544.604972 192.377138138
5838127.40594 447543.411353 192.394661903
5838126.17646 447543.384841 192.397212982
5838125.32884 447544.911101 192.379689217
5838124.95881 447548.381522 192.337203026
5838125.15985 447554.18196 192.26462841
5838127.98578 447568.720344 192.078709602
5838129.60168 447581.239036 191.92006588
5838127.98578 447595.778182 191.742086411
5838121.5252 447619.199851 191.462135315
5838110.62089 447646.25769 191.144943237
5838102.94839 447674.931434 190.801882744
5838101.33325 447693.103507 190.578603745
5838098.50541 447706.027702 190.422821045
5838091.6401 447716.526893 190.304470062
5838072.25648 447729.44918 190.238857269
5838057.31393 447741.1603 191.102266312
5838048.42988 447756.103233 191.516375542
5838039.54469 447777.910712 191.845035553
5838029.44909 447800.525764 191.694951057
5838017.33361 447817.486671 191.564702988
5838013.55973 447821.202949 191.611790657
5838009.98231 447824.368003 191.67637825
5838006.80124 447826.430228 191.775894165
5838004.21334 447826.839927 191.9277668
5838002.41586 447825.045875 192.149496078
5838001.60905 447820.496467 192.458462715
5838001.98785 447812.640861 192.872166634
5838005.21814 447797.295097 193.512129784
5838003.60337 447782.755759 194.212079048
5838000.7763 447768.21833 194.58386898
5837996.33409 447748.429587 195.130085945
5837993.50702 447730.661491 195.542097092
5837994.71856 447707.238105 195.751738548
5837996.7373 447691.488364 195.811295509
5838001.98785 447678.161338 195.622563362
5838003.68882 447674.602988 195.551967621
5838005.21432 447670.985511 195.493960381
5838006.38505 447667.247108 195.461440086
5838007.02707 447663.328651 195.466852188
5838006.96222 447659.170249 195.522904396
5838006.01465 447654.712394 195.642399788
5838004.00697 447649.892333 195.837950706
5838003.91237 447648.743156 195.858645439
5838003.84675 447645.546058 195.902848244
5838004.134 447640.673545 195.944070816
5838005.09988 447634.501174 195.955657959
5838007.06788 447627.405074 195.911049843
5838010.36531 447619.756225 195.783519745
5838015.3145 447611.931518 195.546627045
5838034.90106 447591.94136 194.47259903
5838036.68214 447587.327102 194.409680367
5838037.9841 447582.807067 194.378042221
5838038.32933 447578.474143 194.408607483
5838037.23832 447574.420646 194.532680511
5838034.23272 447570.742705 194.781470299
5838028.83455 447567.532256 195.18597126
5838020.5639 447564.884284 195.777463913
5838019.1353 447564.351943 195.88060379
5838015.26223 447562.698844 196.162748337
5838009.56537 447559.846023 196.582961082
5838002.66839 447555.710128 197.100186348
5837995.19159 447550.210288 197.673559189
5837987.75827 447543.26773 198.262000084
5837980.98832 447534.797958 198.293304443
5837978.79449 447530.906013 198.01864624
5837973.07893 447520.678428 197.29616642
5837965.14169 447506.283095 196.277928352
5837956.28129 447489.88829 195.115947723
5837947.80008 447473.661521 194.907093048
5837940.99733 447459.774497 195.091938972
5837937.17118 447450.39511 195.206904411
5837936.19577 447448.516753 195.232582092
5837933.76886 447443.283942 195.300531387
5837930.63852 447435.295203 195.396780968
5837927.55433 447425.151923 195.507669449
5837925.26513 447413.454917 195.61920166
5837924.51936 447400.803092 195.717668533
5837926.06546 447387.79898 195.789170265
5837926.149 447385.96926 195.800924301
5837926.33554 447381.173995 195.832276344
5837926.53123 447374.447921 195.877027512
5837926.643 447366.832832 195.929074287
5837926.5751 447359.364799 195.982384682
5837926.23483 447353.085044 196.030855179
5837925.52682 447349.02983 196.068501472
5837925.44786 447347.867492 196.077680588
5837925.45358 447344.736007 196.099615097
5837925.90829 447340.171531 196.125841141
5837927.17859 447334.713462 196.147894859
5837929.62762 447328.896812 196.157312393
5837933.62314 447323.259452 196.145677567
5837939.52714 447318.338302 196.104550362
5837955.2765 447314.300826 195.930862427
5837975.06486 447312.953857 195.686554909
5837978.84256 447312.078002 195.644211769
5837982.61224 447311.141875 195.602440834
5837986.36438 447310.082343 195.561790466
5837990.0921 447308.839324 195.522665977
5837993.7874 447307.351974 195.485711098
5837997.44149 447305.556968 195.45147419
5838001.046 447303.396323 195.420408249
5838002.82632 447302.77243 195.401954651
5838007.54396 447301.138023 195.352935791
5838014.25973 447298.850349 195.282864571
5838022.03752 447296.269134 195.201230049
5838029.93966 447293.751624 195.11756897
5838037.03042 447291.65583 195.041298866
5838042.37138 447290.338042 194.982075691
5838043.36358 447289.869598 194.972658157
5838045.68444 447288.528731 194.952321053
5838048.35893 447286.417678 194.932818413
5838050.41009 447283.63848 194.925999641
5838050.85908 447280.291465 194.943809509
5838048.7301 447276.478484 194.997882843
5838043.04544 447272.301009 195.100212097
5837966.85373 447233.39701 193.756532669
5837964.61183 447232.398704 193.313980103
5837958.54379 447229.791549 192.134904861
5837949.63418 447226.159766 190.442180634
5837938.87254 447222.087768 188.459181786
5837927.24382 447218.159392 186.408686638
5837915.73678 447214.959624 184.514355659
5837905.33525 447213.070396 182.998561859
5837903.12082 447212.932113 182.727408409
5837897.21147 447212.650779 182.021474838
5837888.70889 447212.434295 181.042504311
5837878.71667 447212.486556 179.951906204
5837868.33535 447213.011077 178.911209106
5837858.66815 447214.215186 178.082084656
5837850.81674 447216.301253 177.625799179
5837849.69026 447216.634849 177.567148209
5837846.58624 447217.319015 177.359080315
5837841.91514 447217.879775 176.95453167
5837836.09163 447217.845252 176.306176186
5837829.52462 447216.742232 175.3667593
5837822.62994 447214.098075 174.089312553
5837815.81689 447209.435943 172.425675392
5837780.81628 447170.531943 163.410568237
5837773.20062 447162.202361 162.772321701
5837765.58381 447154.081252 162.128853798
5837757.9609 447146.379951 161.474680901
5837750.33075 447139.30693 160.804533958
5837742.69143 447133.071616 160.113191605
5837735.04068 447127.884963 159.395313263
5837727.37542 447123.955825 158.645510674
5837650.64508 447064.995101 153.724837303
5837616.72212 447036.860946 152.139544487
5837611.34263 447032.143691 151.902031898
5837606.39306 447027.421287 151.704287529
5837602.306 447022.688201 151.5863657
5837599.51173 447017.939094 151.587986946
5837598.44056 447013.168624 151.749038696
5837599.52508 447008.372596 152.109336853
5837603.19406 447003.543571 152.708816528
5837603.80822 447002.797416 152.805757523
5837605.43557 447000.736907 153.06725502
5837607.75605 446997.631171 153.449177742
5837610.44656 446993.748191 153.907346725
5837613.18704 446989.355758 154.397773743
5837615.65515 446984.724715 154.876279831
5837617.53007 446980.121139 155.298781395
5837634.08815 446939.938644 159.003949165
5837634.59741 446939.292625 159.085798264
5837635.79255 446937.437156 159.296441078
5837637.17157 446934.503463 159.582591057
5837638.23243 446930.613425 159.89151001
5837638.47352 446925.899032 160.170006752
5837637.39434 446920.483497 160.365343094
5837634.49174 446914.49652 160.424256325
5837633.84095 446912.934783 160.449433327
5837632.15142 446908.772185 160.520648956
5837629.81912 446902.79856 160.631227493
5837627.23962 446895.800117 160.774922371
5837624.80737 446888.56459 160.944962502
5837622.92024 446881.88124 161.13512516
5837621.97267 446876.534942 161.130261421
5837621.75828 446875.192359 161.049032211
5837621.34668 446871.524909 160.843133926
5837621.0827 446866.076568 160.569262505
5837621.31349 446859.392264 160.284137726
5837622.38427 446852.016547 160.044407845
5837624.64257 446844.491866 160.059642792
5837628.43438 446837.36296 160.332727432
5837658.31796 446800.411132 162.364506721
5837663.7787 446795.417121 162.724733353
5837669.29361 446790.570357 163.087296486
5837674.91227 446786.021903 163.45436573
5837680.69116 446781.916907 163.828158379
5837686.68061 446778.405669 164.211010933
5837692.93748 446775.637153 164.605307579
5837699.51059 446773.757842 165.013074875
5837762.30775 446766.892341 168.990135193
5837820.6627 446754.777434 173.792648315
5837880.43138 446747.508338 178.946971893
5837932.93077 446733.171371 183.110022545
5837933.85965 446733.063987 183.190369606
5837936.40672 446732.804969 183.412361145
5837940.21074 446732.488158 183.747076988
5837944.91197 446732.210448 184.165978432
5837950.14993 446732.067588 184.640359879
5837955.56489 446732.154563 185.141563416
5837960.79599 446732.566169 185.640621185
5837962.06971 446732.977012 185.776424408
5837965.49379 446734.024146 186.138796806
5837970.4754 446735.427001 186.660480499
5837976.42251 446736.908057 187.274289131
5837982.73965 446738.18846 187.912964821
5837988.83439 446738.988021 188.50915432
5837994.11317 446739.027122 188.99564743
5837996.55153 446738.935569 189.215350151
5838002.98845 446738.738731 189.797282219
5838012.10595 446738.550475 190.625691414
5838022.58683 446738.490203 191.585254669
5838033.11387 446738.673881 192.560148239
5838042.36871 446739.217857 193.434882164
5838049.03489 446740.239242 194.093608856
5838122.33278 446762.247947 204.239392281
5838184.52455 446775.77658 213.615465164
5838191.14991 446776.110175 214.563560486
5838197.55059 446776.106551 215.464496613
5838203.49733 446775.426963 216.270661354
5838208.76695 446773.73648 216.935062408
5838213.13134 446770.696548 217.410230637
5838216.36659 446765.969566 217.649102211
5838218.24533 446759.219459 217.604279518
5838218.45666 446758.340171 217.593812943
5838218.8038 446755.946067 217.532944679
5838218.84958 446752.400306 217.376875877
5838218.15988 446748.067382 217.081189156
5838216.30174 446743.30931 216.601634026
5838212.84066 446738.492873 215.893602371
5838207.3414 446733.978942 214.912438393
5838206.54947 446733.072951 214.759397507
5838204.414 446730.683234 214.349269867
5838201.30121 446727.303413 213.756084442
5838197.57348 446723.43016 213.053774834
5838193.59552 446719.556907 212.316226959
5838189.7297 446716.177848 211.617136002
5838186.34187 446713.787368 211.03053093
5838144.13949 446664.316848 202.821826935
5838139.23188 446659.066299 201.890254021
5838134.46885 446653.985313 200.986814499
5838129.99383 446649.243453 200.139451027
5838125.95445 446645.009902 199.376702309
5838122.49376 446641.455176 198.726582527
5838119.75785 446638.747886 198.217344284
5838117.89056 446637.057403 197.877001762
5838116.60577 446635.677627 197.632837296
5838113.14317 446632.050994 196.979212761
5838108.099 446626.948836 196.035170555
5838102.06643 446621.13848 194.919514656
5838095.63714 446615.392783 193.751096725
5838089.40774 446610.481361 192.648911476
5838083.96722 446607.173255 191.731452942
5838081.50827 446605.290321 191.298913956
5838075.02671 446600.370887 190.160894394
5838065.86305 446593.503669 188.914370537
5838055.36233 446585.782912 187.629008293
5838044.86352 446578.297332 187.043356895
5838035.71206 446572.140792 187.008786201
5838029.2473 446568.404296 187.158560753
5838027.27586 446567.379287 187.187719345
5838021.28373 446564.750198 187.206053734
5838011.15953 446561.187461 187.11001873
5837996.7888 446557.364753 186.795711517
5837978.06054 446553.951171 186.159610748
5837954.86032 446551.619628 185.097789764
5837927.07521 446551.039222 183.506894112
5837874.37402 446546.798614 180.942511559
5837872.36444 446546.669105 180.840110779
5837867.09825 446546.35134 180.568504333
5837859.71833 446545.956519 180.18078804
5837851.37254 446545.593169 179.730153084
5837843.20222 446545.370391 179.269862175
5837836.3537 446545.399383 178.852891922
5837831.97061 446545.788482 178.532528877
5837830.65339 446545.681861 178.468561172
5837827.06796 446545.273688 178.311395645
5837821.76629 446544.43827 178.112363815
5837815.29886 446543.048194 177.923226357
5837808.21649 446540.97586 177.79545784
5837801.07156 446538.095954 177.780532837
5837794.41262 446534.27954 177.93006897
5837793.82592 446533.78382 177.966284752
5837792.03683 446532.489684 178.045201302
5837789.00834 446530.687049 178.122901917
5837784.70155 446528.666213 178.155064583
5837779.07716 446526.715377 178.097653389
5837772.09741 446525.124267 177.906560898
5837763.72071 446524.183753 177.537465096
5837762.16089 446523.963264 177.47528553
5837757.86287 446523.163703 177.331614494
5837751.40306 446521.576598 177.171349525
5837743.3571 446518.993667 177.059268951
5837734.30063 446515.205482 177.060174942
5837724.81042 446510.005286 177.238845825
5837715.46136 446503.183654 177.659964561
5837692.0395 446486.424354 178.48815918
5837688.53761 446483.564094 178.637671471
5837685.0464 446480.675605 178.791642189
5837681.58075 446477.729705 178.954958916
5837678.1521 446474.700263 179.132056236
5837674.77304 446471.556953 179.327607155
5837671.45578 446468.272308 179.546141624
5837668.21252 446464.818862 179.792332649
5837666.92849 446463.287261 179.91168499
5837663.18322 446459.146026 180.216431618
5837657.13426 446453.073028 180.62620163
5837648.94105 446445.745185 181.061077118
5837638.76306 446437.841704 181.440711021
5837626.75935 446430.041412 181.68489933
5837613.08824 446423.021224 181.713628769
5837611.29113 446422.070411 181.721115112
5837606.47432 446419.569305 181.734848022
5837599.49838 446416.042998 181.742024422
5837591.22659 446412.019447 181.729364395
5837582.52031 446408.023742 181.684041023
5837574.24165 446404.583839 181.592822075
5837567.2516 446402.223113 181.352496147
5837566.10795 446401.589111 181.343626976
5837562.7453 446400.266936 181.245183945
5837557.27044 446399.124053 180.949640274
5837549.78906 446399.030402 180.349373817
5837540.40719 446400.8544 179.336690903
5837529.23242 446405.465797 177.804136276
5837516.36811 446413.732818 175.643825531
5837512.53816 446416.221336 174.996995926
5837502.44294 446422.715858 173.30083847
5837488.17025 446431.757453 170.921564102
5837471.81627 446441.886237 168.226218224
5837455.46762 446451.644424 165.580964088
5837441.2182 446459.573272 163.352394104
5837431.15693 446464.212707 161.907339096
5837428.63199 446465.441802 161.535930634
5837421.83267 446468.602088 160.556054115
5837411.92514 446472.907355 159.168195724
5837400.07402 446477.569488 157.573413849
5837387.44699 446481.799987 155.97281456
5837375.20791 446484.812072 154.567146301
5837364.52333 446485.818389 153.557229042
5837361.94307 446485.800079 153.348302841
5837354.95416 446485.475448 152.81932354
5837344.68614 446484.435371 152.117466927
5837332.27235 446482.276824 151.389455795
5837318.8408 446478.591827 150.782442093
5837305.52255 446472.975829 150.443196297
5837293.44674 446465.02066 150.51882267
5837227.82289 446408.482459 149.350595474
5837222.08635 446404.847816 149.040794373
5837216.71678 446400.689796 148.817420006
5837212.08154 446395.486358 148.766493797
5837208.54875 446388.714507 148.974466324
5837206.48576 446379.85163 149.527621269
5837206.25955 446368.375686 150.512242317
5837208.23632 446353.761962 152.0144701
5837211.06378 446322.666076 155.059790611
5837211.63942 446319.987586 155.358600616
5837212.29974 446317.329505 155.664801598
5837213.12448 446314.714149 155.985355377
5837214.1987 446312.161163 156.327772141
5837215.60518 446309.69477 156.69901371
5837217.42669 446307.333091 157.106566429
5837219.74603 446305.099204 157.55751133
5837220.9366 446303.540137 157.82532692
5837224.02765 446299.40348 158.528327942
5837228.29705 446293.495849 159.516382217
5837233.02728 446286.628631 160.639381409
5837237.49505 446279.608825 161.747097969
5837240.9813 446273.246673 162.689161301
5837242.76506 446268.349364 163.007473946
5837243.45819 446266.650489 163.101673126
5837245.1439 446261.927512 163.336920738
5837247.23207 446254.744056 163.64262104
5837249.13255 446245.658973 163.947916031
5837250.25598 446235.235694 164.18235302
5837250.01336 446224.035552 164.275169373
5837247.81305 446212.618926 164.155507088
5837247.58302 446210.822967 164.149403572
5837247.05964 446206.158736 164.141750336
5837246.49354 446199.713042 164.148402214
5837246.13649 446192.575935 164.18530941
5837246.23796 446185.834029 164.268350601
5837247.05049 446180.575469 164.413499832
5837248.8228 446177.889159 164.63663578
5837249.3313 446177.510551 164.69643116
5837250.66644 446176.740363 164.85106945
5837252.54213 446176.124671 165.063428879
5837254.67187 446176.212409 165.296125412
5837256.76957 446177.550605 165.511965752
5837258.55066 446180.686858 165.673947334
5837259.72635 446186.168006 165.74447155
5837261.74546 446209.792426 165.714073181
5837265.51248 446221.821693 165.999078751
5837269.5511 446233.854583 166.313815117
5837274.13331 446245.89453 166.688108444
5837279.53111 446257.945159 167.151784897
5837286.01686 446270.009521 167.734670639
5837293.86369 446282.092193 167.713594437
5837303.34169 446294.195464 167.688965797
5837304.66272 446296.184447 167.65897274
5837308.71774 446301.306823 167.653369904
5837315.6437 446308.293822 167.798829079
5837325.57985 446315.878394 168.221879005
5837338.66235 446322.791198 169.049310684
5837355.03045 446327.7648 170.407891273
5837374.82148 446329.531959 172.42398262
5837377.85226 446329.457 172.763109207
5837385.81392 446329.181007 173.660993576
5837397.01005 446328.625587 174.938321114
5837409.74694 446327.713874 176.416039467
5837422.32858 446326.367286 177.91492939
5837433.05932 446324.508765 179.255843163
5837440.24392 446322.060493 180.259466171
5837441.73242 446321.476653 180.47413826
5837445.67605 446319.618896 181.070280075
5837451.29091 446316.322425 181.976318359
5837457.79153 446311.426452 183.120203018
5837464.39477 446304.767326 184.43043232
5837470.31595 446296.183684 185.835194588
5837474.77189 446285.513213 187.262582779
5837476.34507 446282.780173 187.675523758
5837480.47754 446275.668243 188.754582405
5837486.29571 446265.803435 189.75083828
5837492.92299 446254.816344 190.594983101
5837499.48236 446244.333747 191.426301003
5837505.0995 446235.98471 192.131590843
5837508.89703 446231.397918 192.597103119
5837532.52183 446200.504401 195.518231392
5837538.26486 446194.917205 196.20783329
5837544.19442 446189.815429 196.912789345
5837550.49859 446185.684875 197.648334503
5837557.3639 446183.011726 198.430085182
5837564.9788 446182.281402 199.273204803
5837573.53021 446183.978942 200.141978264
5837583.2039 446188.590911 199.744796753
5837654.68332 446243.513396 200.052666664
5837751.40344 446294.195464 208.173108101
5837760.47212 446299.002746 208.133935928
5837769.42636 446304.09613 208.048892021
5837778.15477 446309.761909 207.872200012
5837786.54481 446316.285613 207.558012009
5837794.48167 446323.954108 207.060551643
5837801.85357 446333.052924 206.333899498
5837808.54722 446343.868354 205.332350731
5837809.64891 446346.268752 205.084466934
5837812.95434 446352.5857 204.459166527
5837818.4662 446361.495116 203.633975983
5837826.18905 446371.673492 202.786254883
5837836.12787 446381.794456 202.093815804
5837848.28416 446390.534881 201.733994484
5837862.66176 446396.569732 201.884317398
5837864.8903 446397.419837 201.919054985
5837870.9488 446399.616912 201.981067657
5837879.89236 446402.625373 202.085900307
5837890.77836 446405.912688 202.267503738
5837902.66343 446408.946136 202.546000481
5837914.60572 446411.19242 202.941584587
5837925.66186 446412.116912 203.474497795
5837928.07351 446411.654761 203.686594963
5837934.56804 446410.542396 204.238605499
5837944.0365 446409.192756 205.004119873
5837955.3692 446408.020118 205.856442451
5837967.45836 446407.437041 206.669235229
5837979.19503 446407.857803 207.315969467
5837989.46878 446409.694007 207.670092583
5837992.52282 446410.569099 207.727885246
5838000.64927 446413.033202 207.861995697
5838012.29364 446416.847518 208.013272285
5838025.90181 446421.769622 208.122968674
5838039.91929 446427.560332 208.131957054
5838052.79351 446433.981231 207.981109619
5838062.96808 446440.789893 207.611632347
5838143.53448 446482.183746 204.432940483
5838150.70649 446486.572173 204.021811485
5838157.8106 446491.068366 203.593063354
5838164.77967 446495.779327 203.129029274
5838171.54847 446500.813201 202.612280846
5838178.0491 446506.278709 202.024841309
5838184.21441 446512.283424 202.064061165
5838189.97651 446518.933204 203.120541573
5838242.67732 446562.749961 212.156176567
5838292.14784 446617.067245 221.494865417
5838348.68623 446678.450492 232.267928123
5838359.15872 446686.958411 234.132242203
5838369.37867 446695.36505 235.956382751
5838379.09242 446703.569511 235.973954201
5838388.04933 446711.473182 235.354185104
5838395.99611 446718.97383 234.744501114
5838402.67984 446725.971511 234.147357941
5838407.84875 446732.36399 233.565425873
5838441.77171 446787.69007 228.109145164
5838446.82924 446793.104652 227.642631531
5838451.07805 446798.547652 227.141261101
5838453.70866 446804.050925 226.569581032
5838453.91275 446809.644797 225.892615318
5838450.88121 446815.358451 225.075340271
5838443.80647 446821.222976 224.082636833
5838431.87715 446827.266601 222.879338264
5838429.94195 446828.452209 222.659015656
5838424.74557 446831.555274 222.077298164
5838417.20735 446835.897926 221.252846718
5838408.24548 446840.802291 220.304369926
5838398.77778 446845.590499 219.35043335
5838389.72512 446849.58258 218.5100317
5838382.00303 446852.102569 217.901587486
5838355.72931 446856.406501 216.354227066
5838335.15741 446859.776405 215.142703056
5838333.38891 446861.10926 214.910793304
5838329.41743 446864.40573 214.352941513
5838326.77881 446867.063048 213.925099373
5838325.23881 446868.613532 213.675498962
5838322.85653 446872.68019 213.085126877
5838324.26645 446875.55342 212.788105011
5838331.46974 446876.179984 212.991189957
5838338.04094 446875.008681 213.389754295
5838346.46531 446873.507217 213.900756836
5838347.43158 446873.055556 213.993501663
5838350.28688 446871.980956 214.236021042
5838354.96866 446870.693496 214.575481415
5838361.41244 446869.607452 214.958715439
5838369.55568 446869.135383 215.332794189
5838379.33465 446869.692519 215.644407272
5838390.68567 446871.689895 215.840673447
5838393.36854 446872.146896 215.888929367
5838400.43222 446873.317435 216.020011902
5838410.39506 446874.900344 216.213083267
5838421.77736 446876.596931 216.447401047
5838433.10052 446878.105453 216.702413559
5838442.88408 446879.128554 216.997170448
5838449.64639 446879.362777 217.254114151
5838451.77842 446879.510215 217.333292961
5838457.40358 446879.946807 217.54117012
5838465.36638 446880.665496 217.832994461
5838474.51249 446881.660178 218.164157867
5838483.68722 446882.923797 218.489909172
5838491.73547 446884.448341 218.765664101
5838497.50139 446886.227325 218.946623802
5838499.60939 446887.034896 219.009017944
5838505.16015 446889.272788 219.170570374
5838512.99897 446892.665008 219.393157959
5838521.97229 446896.937659 219.638562202
5838530.92386 446901.812842 219.868612289
5838538.7005 446907.017997 220.070624352
5838544.14483 446912.275413 220.184874535
5838544.90358 446913.612655 220.188307762
5838546.94329 446917.329887 220.19507885
5838549.91533 446922.989371 220.199894905
5838553.47062 446930.152801 220.197510719
5838557.25824 446938.383964 220.182585716
5838560.93065 446947.243217 220.15004158
5838564.13499 446956.294158 220.094347
5838565.02153 446958.10881 220.093178749
5838567.6632 446962.848189 220.10345459
5838572.03523 446969.455245 220.146012306
5838578.11357 446976.875213 220.211982727
5838585.87266 446984.050468 220.334887505
5838595.28962 446989.92739 220.542407036
5838606.33737 446993.448356 220.855593681
5838649.14438 447006.370834 222.08378315
5838678.62474 447012.226394 222.992491722
5838684.68438 447013.383392 223.180222511
5838690.75433 447014.735702 223.364305496
5838696.84564 447016.475776 223.541092873
5838702.96861 447018.798926 223.706960678
5838709.13316 447021.897605 223.85828495
5838715.35264 447025.969604 223.991465569
5838721.63354 447031.207564 224.102687836
5838723.40471 447032.647803 224.13482666
5838728.13073 447036.401275 224.222397804
5838734.93844 447041.618064 224.352455139
5838742.94893 447047.445205 224.51198101
5838751.28938 447053.032783 224.687862396
5838759.08204 447057.528976 224.867224693
5838765.4503 447060.081962 225.03695488
5838766.951 447060.354331 225.083684921
5838770.92363 447061.125472 225.206565857
5838776.57701 447062.323287 225.12819767
5838783.1215 447063.877967 224.959897995
5838789.76365 447065.718368 224.766349792
5838795.7142 447067.775252 224.557566643
5838800.18121 447069.974998 224.343943596
5838801.12611 447070.491317 224.294400215
5838803.63618 447072.163108 224.136567116
5838807.22276 447075.188926 223.855805397
5838811.39947 447079.762366 223.437929153
5838815.6788 447086.076835 222.868514061
5838819.57322 447094.326499 222.133183479
5838822.59485 447104.705718 221.217727661
5838833.49839 447150.340369 217.204880714
5838835.09752 447155.177215 216.777253151
5838836.94345 447159.962752 216.352844238
5838839.28338 447164.639953 215.935301781
5838842.36604 447169.159988 215.52760601
5838846.43747 447173.466399 215.133333206
5838851.74485 447177.509025 214.755630493
5838858.53578 447181.234267 214.397907257
5838902.35368 447203.647712 212.431907654
5838906.32478 447207.512954 212.112092972
5838910.75937 447211.200812 211.803650856
5838916.11863 447214.53543 211.517810822
5838922.86493 447217.340377 211.265993118
5838931.4644 447219.439033 211.059403419
5838942.37596 447220.654586 210.909414291
5838956.06424 447220.810798 210.827326775
5838959.1446 447220.512679 210.834646225
5838967.30424 447219.65895 210.859036446
5838978.92114 447218.315604 210.903811455
5838992.37443 447216.543487 210.972285271
5839006.04364 447214.408591 211.067795753
5839018.30827 447211.97367 211.193799973
5839027.54365 447209.300902 211.353635788
5839030.17389 447208.458808 211.498165131
5839037.15936 447206.121543 211.937880516
5839047.14242 447202.577499 212.550282478
5839058.76847 447198.110679 213.237142563
5839070.68025 447193.00833 213.899993896
5839081.52276 447187.55751 215.138244629
5839089.93798 447182.041648 216.161513329
5839092.19857 447180.214599 216.623306274
5839098.1331 447175.385574 217.92216301
5839106.46898 447168.530944 219.750666618
5839115.93362 447160.632613 221.8334198
5839125.25903 447152.666 223.895907402
5839133.17147 447145.611671 225.662708282
5839138.39875 447140.44638 226.91347599
5839167.6777 447104.705718 234.536099434
5839174.54263 447098.408225 236.142730713
5839181.31715 447093.010429 237.657427788
5839187.91085 447089.410499 238.988399506
5839194.23562 447088.506415 240.043878555
5839200.19952 447091.198447 240.731787682
5839205.71328 447098.3861 240.960383415
5839210.6865 447110.966018 241.009449959
5839210.68918 447112.789443 240.906095505
5839210.35959 447117.985824 240.553402901
5839209.19229 447126.144889 239.887475967
5839206.68336 447136.858848 238.844633102
5839202.32736 447149.716476 237.361049652
5839195.61883 447164.308074 235.372853279
5839186.05233 447180.224326 232.816123962
5839130.52407 447265.031722 229.612731934
5839124.27522 447274.928382 229.303741455
5839117.92146 447284.49755 228.951048851
5839111.35446 447293.409064 228.510546684
5839104.47084 447301.334861 227.938890457
5839097.16226 447307.946494 227.191638947
5839089.32534 447312.916663 226.225757599
5839080.85099 447315.915778 224.996781349
5839049.95767 447322.577956 222.125577927
5839011.59288 447333.48265 219.560885429
5838961.718 447347.212508 216.192340851
5838952.05003 447349.809936 215.534281731
5838942.52244 447352.670768 214.909219742
5838933.27714 447356.05593 214.350104332
5838924.45642 447360.231689 213.890099525
5838916.20027 447365.459159 213.562083244
5838908.65098 447372.004226 213.399291039
5838901.94932 447380.126098 213.434410095
5838896.29823 447388.755515 213.602399826
5838891.89645 447396.993735 213.851118088
5838888.88398 447405.362228 214.233446121
5838887.3974 447414.383033 214.802217484
5838887.57287 447424.580482 215.61024189
5838889.55232 447436.47795 216.710829735
5838893.46887 447450.596526 218.156218529
5838927.79504 447540.452102 221.170568466
5838960.30389 447606.479743 218.435168266
5838964.47641 447617.039207 217.698264122
5838968.49366 447627.604774 216.951203346
5838972.20422 447638.184646 216.184043884
5838975.4532 447648.785689 215.386533737
5838978.08877 447659.41439 214.548754692
5838979.95607 447670.07952 213.660502434
5838980.9002 447680.786231 212.711834908
5838981.54794 447683.754447 212.472486496
5838983.35725 447691.671088 211.839127541
5838986.13015 447703.054908 210.93878746
5838989.66981 447716.428474 209.89844799
5838993.77786 447730.309775 208.845233917
5838998.25708 447743.221 207.90605545
5839002.90948 447753.680137 207.207870483
5839004.31863 447755.818656 207.093262672
5839008.34543 447761.439994 206.811642647
5839014.68774 447769.352439 206.456518173
5839023.04765 447778.367713 206.121516228
5839033.12417 447787.293723 205.900144577
5839044.61709 447794.942573 205.969357491
5839057.22696 447800.122169 205.813717842
5839060.0731 447801.045707 205.410957336
5839067.77879 447803.264335 204.397511482
5839079.09776 447805.939582 203.234696388
5839092.78375 447808.24137 202.266979218
5839107.58859 447809.334663 201.59945488
5839122.26716 447808.38671 201.489162445
5839135.57206 447804.564002 202.194046974
5839205.63852 447775.285056 206.857180595
5839284.58978 447739.949134 210.145545006
5839320.93545 447723.795798 211.642336845
5839329.85154 447717.201331 212.401652336
5839338.52617 447710.765174 213.143420219
5839346.71594 447704.643348 213.850522041
5839354.18168 447698.991111 214.505720139
5839360.67773 447693.969443 215.091276169
5839365.96566 447689.734367 215.589952469
5839369.80058 447686.440375 215.984654427
5839433.00172 447622.027686 223.99930954
5839437.95091 447616.924575 224.635601044
5839443.26783 447611.844543 225.259423256
5839449.31527 447606.805328 225.858807564
5839456.45829 447601.830772 226.421141624
5839465.06425 447596.940711 226.934361458
5839475.49897 447592.156127 227.38597393
5839488.126 447587.499335 227.763700485
5839491.92353 447585.975745 227.895665169
5839502.23848 447582.18489 228.202295303
5839517.45111 447577.294829 228.549957275
5839535.94667 447572.475532 228.805041313
5839556.10429 447568.896964 228.833651543
5839576.30922 447567.726615 229.011154175
5839594.94172 447570.13388 231.213974953
5839596.11169 447570.373443 231.339073181
5839599.35342 447571.066573 231.68156147
5839604.26751 447572.173026 232.192206383
5839610.45953 447573.657516 232.822370529
5839617.52931 447575.481132 233.522629738
5839625.08012 447577.605346 234.244203568
5839632.71257 447579.992393 234.93783474
5839638.18628 447581.83451 235.415959358
5839642.82418 447583.442405 235.814023018
5839646.76439 447584.851363 236.145663261
5839650.14688 447586.105254 236.423945427
5839653.11204 447587.240127 236.66241169
5839655.79835 447588.297942 236.874246597
5839658.34504 447589.315704 237.072730064
5839665.40567 447589.970496 237.945842743
5839672.24618 447590.913871 238.74566555
5839678.64839 447592.437461 239.398932457
5839684.3937 447594.828704 239.832472801
5839689.26278 447598.379996 239.972829819
5839693.03857 447603.378394 239.747190475
5839695.49829 447610.114196 239.081788063
5839695.92744 447610.95095 239.016056061
5839697.03981 447613.646796 238.767385483
5839698.58285 447618.474868 238.260245323
5839700.30252 447625.712875 237.418293953
5839701.94398 447635.633567 236.165881157
5839703.25547 447648.515037 234.426927567
5839703.9795 447664.632896 232.125163078
5839704.38348 447712.48751 225.471639633
5839704.17405 447725.088981 224.807786942
5839704.25988 447737.744239 224.199724197
5839704.93966 447750.507835 223.703622818
5839706.50941 447763.437369 223.375511169
5839709.26553 447776.584342 223.271346092
5839713.50709 447790.006354 223.664736748
5839719.52745 447803.756812 225.504255295
5839780.70947 447934.600547 243.778824806
5839813.82447 448007.495216 244.585061073
5839816.40664 448012.245277 244.393515587
5839819.16353 448016.938499 244.226646423
5839822.26983 448021.51995 244.108986855
5839825.90028 448025.92974 244.065451622
5839830.23111 448030.114463 244.120645523
5839835.43588 448034.018043 244.299077988
5839841.68931 448037.580588 244.62556839
5839862.48742 448060.600379 244.599723816
5839866.97351 448062.882712 244.861197472
5839870.85115 448065.62815 245.010304451
5839873.51266 448069.293693 244.93534565
5839874.35304 448074.342826 244.524335861
5839872.76307 448081.236365 243.664884567
5839868.13546 448090.433982 242.245292664
5839859.86177 448102.397254 242.395186424
5839819.88183 448149.041465 242.331695557
5839815.75166 448155.694678 242.494082451
5839811.76301 448162.28762 242.666244507
5839808.05627 448168.761924 242.858099937
5839804.77334 448175.05503 243.079638481
5839802.05652 448181.106666 243.340492249
5839800.04579 448186.861137 243.650960922
5839798.88231 448192.252448 244.020366669
5839798.73315 448194.000724 244.165015221
5839798.03277 448198.724082 244.523406029
5839796.40275 448205.634788 244.981789589
5839793.46582 448213.953498 245.427322388
5839788.84507 448222.893623 245.746612549
5839782.16172 448231.671241 245.826220512
5839773.03659 448239.502051 245.552659035
5839745.17061 448263.733009 244.746541977
5839741.737 448266.10308 244.590473175
5839738.20153 448268.415549 244.418048859
5839734.46351 448270.609763 244.212818146
5839730.42489 448272.630408 243.958711624
5839725.98306 448274.417594 243.639183044
5839721.03807 448275.912574 243.238043785
5839715.48845 448277.059272 242.738962173
5839683.58537 448283.924583 239.894795418
5839628.86468 448282.914832 233.839821815
5839626.6903 448283.49314 233.656144142
5839624.44917 448284.159568 233.473324776
5839622.07223 448285.007194 233.292365074
5839619.49464 448286.125281 233.114433289
5839616.64964 448287.603477 232.940483093
5839613.4678 448289.532569 232.771348953
5839609.88427 448292.00106 232.60807991
5839608.21038 448292.381004 232.460665703
5839603.71095 448293.362525 232.060742378
5839597.16874 448294.704154 231.471371651
5839589.36883 448296.163657 230.755972862
5839581.09704 448297.505286 229.978108406
5839573.13615 448298.486808 229.203605652
5839566.26931 448298.866752 228.910088539
5839564.56758 448299.159339 228.855633736
5839560.06738 448300.264075 228.742027283
5839553.68005 448302.522376 228.644299507
5839546.31959 448306.278709 228.637909889
5839538.89467 448311.876014 228.797769547
5839532.31851 448319.656089 229.199171066
5839527.50093 448329.961875 229.917120934
5839526.92224 448331.480125 230.029177666
5839525.4387 448335.674766 230.344223976
5839523.43179 448342.010215 230.831241608
5839521.28412 448349.949363 231.459140778
5839519.37677 448358.9551 232.196688652
5839518.09083 448368.490699 233.012700081
5839517.80778 448378.019813 233.876085281
5839517.3092 448380.547813 234.084892273
5839515.68872 448386.775306 234.58044529
5839512.76933 448394.661048 235.162138939
5839508.36984 448402.169898 235.607790947
5839502.31019 448407.263282 235.763025284
5839494.41186 448407.901099 235.440921783
5839484.49136 448402.047446 234.454870224
5839483.65518 448400.954154 234.31930542
5839481.06424 448398.293021 233.962774277
5839476.59227 448394.990256 233.460307121
5839470.11834 448391.98046 232.879424095
5839461.51658 448390.185264 232.302808762
5839450.66797 448390.541175 231.816530228
5839437.44394 448393.971732 231.498479843
5839436.49446 448394.301704 231.481933594
5839433.70057 448395.02764 231.411671638
5839429.14659 448395.75167 231.257152557
5839422.91871 448396.081641 230.988049507
5839415.10316 448395.6193 230.573749542
5839405.78195 448393.971732 229.983830452
5839395.04052 448390.740684 229.173803329
5839392.71203 448390.484336 229.03881073
5839386.50247 448389.880088 228.686070442
5839377.57264 448389.16674 228.193235397
5839367.08413 448388.593391 227.63876915
5839356.2008 448388.399985 227.100372314
5839346.08461 448388.833717 226.656317711
5839337.89674 448390.135673 226.384401321
5839335.93065 448390.49578 226.3235569
5839330.48021 448391.692069 226.172804832
5839322.2088 448393.88552 225.978469849
5839311.78781 448397.245887 225.77354908
5839299.88176 448401.938346 225.613999367
5839287.16127 448408.128455 225.546479225
5839274.29162 448415.980628 225.616979599
5839272.28814 448417.655662 225.66754818
5839266.66261 448422.012809 225.779128075
5839257.99943 448428.045753 225.891947746
5839246.88226 448434.752372 225.946235657
5839233.89245 448441.132453 225.882315636
5839219.61404 448446.180442 225.640439987
5839204.62915 448448.893836 225.16067028
5839202.15646 448449.117759 225.061964989
5839195.38232 448449.887946 224.805212021
5839185.2688 448451.358131 224.449896812
5839172.78291 448453.678611 224.055409431
5839158.88711 448457.002738 223.681116104
5839144.54767 448461.481956 223.386597633
5839130.72587 448467.26847 223.231005669
5839128.92686 448467.892173 223.199486732
5839124.34007 448469.883445 223.153972626
5839118.18506 448473.420432 223.16865921
5839111.68061 448478.685096 223.317599297
5839106.04478 448485.856345 223.674702644
5839102.49711 448495.116904 224.314165115
5839102.25526 448506.643394 225.309920311
5839102.05613 448508.403113 225.454115868
5839101.252 448513.308433 225.844287872
5839099.53653 448520.79058 226.416063309
5839096.60341 448530.28498 227.10545063
5839092.14441 448541.229728 227.848529816
5839085.85168 448553.055289 228.580975533
5839077.41891 448565.200523 229.23886776
5839046.52482 448622.74752 231.295108795
5839044.30124 448627.932456 231.517124176
5839042.23253 448633.331016 231.773924828
5839040.47471 448639.155677 232.100200653
5839039.18267 448645.623496 232.531118393
5839038.51167 448652.945045 233.101296425
5839038.62001 448661.333945 233.845591545
5839039.65951 448671.006873 234.798836708
5839039.79303 448672.668937 234.95798111
5839040.52659 448677.182105 235.428595543
5839042.36146 448683.834556 236.200594902
5839045.80079 448691.917136 237.264347076
5839051.34507 448700.720695 238.07091713
5839059.49632 448709.535697 237.531137466
5839070.7554 448717.650321 235.117411613
5839104.07258 448735.823157 229.470133781
5839109.22815 448737.920097 228.783726692
5839114.67935 448739.868644 228.128194809
5839120.72488 448741.524604 227.534222603
5839127.66 448742.741111 227.032136917
5839135.78187 448743.370155 226.652932167
5839145.38804 448743.268302 226.42686367
5839156.77339 448742.284873 226.385164261
5839210.8883 448732.391074 227.558779716
5839339.51226 448704.930213 231.38449192
5839479.03901 448672.21804 230.728626251
5839578.78801 448648.391822 229.762744904
5839636.33577 448638.699439 237.041497231
5839644.86619 448638.303855 238.084149361
5839653.17804 448637.866309 239.101934433
5839661.05195 448637.349036 240.069580078
5839668.26822 448636.708167 240.962290764
5839674.60939 448635.905173 241.626429558
5839679.85574 448634.900764 241.906714439
5839683.78755 448633.65145 242.222428322
5839685.16313 448633.126929 242.35162735
5839688.90496 448631.774619 242.68682003
5839694.43704 448629.931739 243.14930439
5839701.18409 448627.934363 243.660020828
5839708.57087 448626.115134 244.140696526
5839716.02174 448624.814323 244.512081146
5839722.95991 448624.362662 244.695734978
5839725.11636 448624.518684 244.689798355
5839730.8117 448624.863914 244.688081741
5839738.88665 448625.221732 244.713926315
5839748.1846 448625.407889 244.791483879
5839757.5451 448625.245383 244.944310188
5839765.81231 448624.55416 245.195865631
5839771.82504 448623.152259 245.570516586
5839814.42949 448617.700294 247.269797325
5839830.17999 448616.488364 247.726750374
5839833.54112 448616.513923 247.763776779
5839836.29724 448616.691688 247.76070118
5839837.84639 448617.171577 247.677969933
5839837.58317 448618.108466 247.475099564
5839834.90411 448619.652656 247.112345695
5839829.20495 448621.957114 246.549606323
5839819.88183 448625.170997 245.747160912
5839816.84152 448626.645759 245.394611359
5839808.49191 448630.589011 244.449067116
5839795.99038 448636.28054 243.078804016
5839780.50004 448643.00051 241.451716423
5839763.17903 448650.027564 239.736151695
5839745.18701 448656.642631 238.099908829
5839727.68213 448662.122062 236.711478233
5839578.06131 448749.352744 226.560282707
5839570.24385 448754.124931 226.057052612
5839549.63609 448766.610816 223.318433762
5839520.50744 448784.066489 219.450688362
5839487.13189 448803.748038 215.024542809
5839453.7758 448822.9085 210.609745979
5839424.71353 448838.808158 206.776881218
5839404.21144 448848.696616 204.095745087
5839397.2828 448851.803306 203.193736076
5839378.45575 448859.901145 200.748515129
5839350.66339 448871.156409 197.150945663
5839316.84114 448883.735374 192.791986465
5839279.92669 448895.806602 188.062977791
5839242.85241 448905.535606 183.354640007
5839208.55371 448911.090568 180.684804916
5839196.40924 448913.385108 180.402088165
5839164.50235 448919.505027 179.634737968
5839119.6251 448928.304008 178.505468369
5839068.57034 448938.641837 177.129030228
5839018.13012 448949.36991 175.576329231
5838975.09729 448959.348014 174.034953117
5838946.26352 448967.427161 172.636079788
5838826.93025 449002.560142 166.783380508
5838689.42567 449029.82035 166.935777664
5838673.32803 449034.808066 166.736745834
5838657.22009 449040.124229 166.498494148
5838641.09117 449046.096137 166.18142128
5838624.92944 449053.054526 165.746116638
5838608.72613 449061.326316 165.153431892
5838592.4698 449071.241477 164.363694191
5838576.14976 449083.127692 163.33770752
5838560.67277 449093.055442 163.589048386
5838519.82843 449120.857719 164.724850655
5838461.99685 449163.570121 165.929031372
5838395.56161 449218.225577 166.638016701
5838328.90397 449281.854728 166.288232803
5838270.40712 449351.492789 156.851458549
5838228.44926 449424.171928 141.486573219
5838186.04699 449495.652106 126.499795914
5838178.35389 449517.176536 121.428370476
5838169.67622 449537.785056 116.717243195
5838159.02673 449556.560615 113.448810577
5838145.42047 449572.586158 112.884807587
5838127.87324 449584.944251 111.935281754
5838105.39895 449592.72013 110.504007339
5838077.01074 449594.997123 111.183643341
5838074.41713 449595.086768 111.444330215
5838067.38359 449594.827369 111.292648315
5838057.03126 449593.42356 111.036467552
5838044.48816 449590.08036 111.177825928
5838030.87312 449584.002784 112.004375458
5838017.31225 449574.396995 113.804101944
5838004.92669 449560.468391 116.8653965
5838003.33558 449558.271506 117.370724678
5837998.57675 449553.129295 118.4892416
5837990.66964 449547.212318 119.625711441
5837979.63678 449542.69419 120.183801651
5837965.49951 449541.748145 119.567131996
5837948.2792 449546.545127 117.18018055
5837927.99684 449559.257224 112.427401543
